0.683406
0.146506
0.307096
0.461413
0.663979
0.0160923
0.257635
0.660645
0.940986
0.356849
0.675984
0.0881313
0.446072
0.845351
0.242125
0.623015
0.0586253
0.417436
0.891767
0.22598
0.738931
0.046378
0.59805
0.87715
0.46759
0.717261
0.346504
0.565633
0.23371
0.421575
0.128508
0.284361
0.0301566
0.153531
0.938202
0.0285767
0.852127
0.90912
0.771576
0.794717
0.696059
0.685203
0.625438
0.58026
0.559408
0.479608
0.497672
0.383101
0.440108
0.290481
0.386396
0.201704
0.336537
0.116558
0.290326
0.034878
0.247551
0.956618
0.208217
0.88159
0.172116
0.809714
0.139147
0.740936
0.109304
0.675104
0.0823881
0.612215
0.0584005
0.552213
0.0373313
0.494976
0.0189935
0.440516
0.00346388
0.388722
0.990569
0.339598
0.980381
0.293035
0.972721
0.249069
0.967675
0.207631
0.965149
0.16872
0.965144
0.132301
0.967651
0.0983399
0.972586
0.0668348
0.980021
0.0377206
0.989797
0.0110592
0.00207062
0.98679
0.0166874
0.96497
0.0338004
0.945507
0.0532458
0.928465
0.0751121
0.913805
0.0993861
0.90154
0.12601
0.891758
0.155141
0.884356
0.186681
0.879391
0.220589
0.876967
0.257091
0.876963
0.296018
0.87946
0.337406
0.884537
0.381403
0.892178
0.427949
0.902398
0.477105
0.915264
0.528849
0.930874
0.583392
0.949191
0.640609
0.97029
0.700643
0.994247
0.763483
0.0211454
0.829323
0.0510061
0.898075
0.0840001
0.96998
0.12013
0.0450387
0.15949
0.123309
0.202281
0.204989
0.248568
0.290214
0.298445
0.378994
0.352127
0.471589
0.409765
0.568135
0.471517
0.668812
0.53759
0.773793
0.608248
0.883367
0.683704
0.997751
0.764327
0.117268
0.850423
0.242305
0.94238
0.373167
0.0407294
0.510435
0.146017
0.654635
0.258826
0.806385
0.379939
0.966422
0.510348
0.135767
0.651241
0.315598
0.80416
0.50746
0.971005
0.713279
0.154487
0.935734
0.358271
0.178546
0.587855
0.447206
0.852015
0.750559
0.166314
0.104312
0.563941
0.542127
0.183355
0.171614
0.527427
