0.173536
0.26778
0.427771
0.838439
0.720481
0.939343
0.331142
0.589733
0.0178854
0.303206
0.720734
0.25857
0.46585
0.841928
0.233775
0.648848
0.0975407
0.474093
0.821523
0.314524
0.635916
0.16787
0.461443
0.249747
0.296853
0.906673
0.953132
0.78982
0.993212
0.680883
0.852558
0.57916
0.718532
0.484045
0.590632
0.395064
0.468436
0.311778
0.351491
0.233768
0.239537
0.160717
0.132317
0.092408
0.290745
0.461937
0.930947
0.968869
0.836367
0.91322
0.745676
0.861427
0.658727
0.813386
0.5753
0.768884
0.495343
0.727825
0.418702
0.690103
0.345239
0.655561
0.27493
0.624153
0.207616
0.595767
0.143246
0.570309
0.0818221
0.547781
0.409064
0.528068
0.967354
0.511135
0.914205
0.496914
0.863771
0.485375
0.815905
0.476442
0.77065
0.470088
0.727942
0.466297
0.687761
0.465027
0.650108
0.466278
0.614895
0.469988
0.582191
0.476179
0.551841
0.484769
0.523983
0.4958
0.498477
0.509229
0.475464
0.525101
0.454799
0.543369
0.436541
0.56402
0.420704
0.587091
0.407199
0.612521
0.396189
0.6404
0.387612
0.670738
0.381366
0.703433
0.377705
0.738649
0.376486
0.776357
0.377689
0.816492
0.381489
0.859186
0.387824
0.904442
0.396769
0.952296
0.408243
0.0529269
0.422518
0.0558655
0.439434
0.111719
0.459156
0.170346
0.481614
0.231743
0.50708
0.296095
0.535385
0.363348
0.566806
0.433667
0.601359
0.507137
0.639053
0.583767
0.680073
0.663704
0.724626
0.747156
0.772627
0.834104
0.824372
0.924761
0.879972
0.202173
0.939631
0.117865
0.0540745
0.220628
0.0717549
0.327851
0.144774
0.439771
0.222707
0.55661
0.306061
0.678838
0.39496
0.80664
0.490041
0.940586
0.591747
0.573776
0.700716
0.228971
0.817508
0.384601
0.943117
0.549007
0.576961
0.72321
0.225229
0.908554
0.384842
0.537565
0.559601
0.320235
0.752783
0.552258
0.96881
0.807096
0.868998
0.311598
0.502758
0.418609
0.85686
0.811526
0.654386
0.591342
0.302405
0.312664
