0.001	3.18274	-0.0407307	
0.002	3.14653	-0.0249032	
0.003	3.22269	-0.00113604	
0.004	3.30006	0.0203634	
0.005	3.36257	0.0341646	
0.006	3.42115	0.0495977	
0.007	3.47551	0.0660148	
0.008	3.51236	0.0717639	
0.009	3.55226	0.0758501	
0.01	3.57583	0.0690915	
0.011	3.6008	0.0675383	
0.012	3.62417	0.0668413	
0.013	3.64445	0.0669422	
0.014	3.66534	0.0676586	
0.015	3.68406	0.0657256	
0.016	3.70378	0.068409	
0.017	3.73187	0.0837804	
0.018	3.75381	0.0946353	
0.019	3.77477	0.10277	
0.02	3.79212	0.111805	
0.021	3.80585	0.119363	
0.022	3.83888	0.135321	
0.023	3.86094	0.143208	
0.024	3.8788	0.146774	
0.025	3.89649	0.151214	
0.026	3.91202	0.152941	
0.027	3.93334	0.154759	
0.028	3.94886	0.154933	
0.029	3.95878	0.155058	
0.03	3.96902	0.153499	
0.031	3.99295	0.163877	
0.032	4.01791	0.175853	
0.033	4.04024	0.184573	
0.034	4.06114	0.190258	
0.035	4.08282	0.197914	
0.036	4.11006	0.212476	
0.037	4.13159	0.223462	
0.038	4.14012	0.226292	
0.039	4.1424	0.226152	
0.04	4.14607	0.22579	
0.041	4.15709	0.228433	
0.042	4.17106	0.231798	
0.043	4.18197	0.233042	
0.044	4.1941	0.235909	
0.045	4.2195	0.251795	
0.046	4.24162	0.262845	
0.047	4.2605	0.270225	
0.048	4.27871	0.275122	
0.049	4.29828	0.281837	
0.05	4.3317	0.296896	
0.051	4.3431	0.300766	
0.052	4.34506	0.300353	
0.053	4.3471	0.300959	
0.054	4.35535	0.303456	
0.055	4.36648	0.306652	
0.056	4.3722	0.305075	
0.057	4.38781	0.311769	
0.058	4.41033	0.328239	
0.059	4.42953	0.339425	
0.06	4.4459	0.3459	
0.061	4.46129	0.3517	
0.062	4.48353	0.362133	
0.063	4.50698	0.37131	
0.064	4.51719	0.372802	
0.065	4.51419	0.369421	
0.066	4.5201	0.373046	
0.067	4.52923	0.376671	
0.068	4.53487	0.376138	
0.069	4.54361	0.379723	
0.07	4.56747	0.395198	
0.071	4.58769	0.408598	
0.072	4.60182	0.415516	
0.073	4.6179	0.421602	
0.074	4.64086	0.434392	
0.075	4.65977	0.441016	
0.076	4.66423	0.440245	
0.077	4.6649	0.437575	
0.078	4.67201	0.442152	
0.079	4.67693	0.445188	
0.08	4.6761	0.441945	
0.081	4.69141	0.453128	
0.082	4.70912	0.465296	
0.083	4.72682	0.477752	
0.084	4.7369	0.481999	
0.085	4.75471	0.490867	
0.086	4.77938	0.503322	
0.087	4.78643	0.502774	
0.088	4.78492	0.499129	
0.089	4.7959	0.506278	
0.09	4.80504	0.511705	
0.091	4.80599	0.509635	
0.092	4.82028	0.51796	
0.093	4.83882	0.529992	
0.094	4.8563	0.54079	
0.095	4.86604	0.544321	
0.096	4.88119	0.550911	
0.097	4.90547	0.562582	
0.098	4.91013	0.561739	
0.099	4.90589	0.557276	
0.1	4.91489	0.566259	
0.101	4.92042	0.570792	
0.102	4.91899	0.569335	
0.103	4.93173	0.581064	
0.104	4.94477	0.591324	
0.105	4.95722	0.599666	
0.106	4.96137	0.601016	
0.107	4.98032	0.612043	
0.108	4.99699	0.617865	
0.109	4.99746	0.614654	
0.11	4.99927	0.616077	
0.111	5.01002	0.626146	
0.112	5.01116	0.624235	
0.113	5.01995	0.630159	
0.114	5.03247	0.643084	
0.115	5.04578	0.656405	
0.116	5.05518	0.663944	
0.117	5.06747	0.669728	
0.118	5.08941	0.678807	
0.119	5.09299	0.675629	
0.12	5.09397	0.673232	
0.121	5.09945	0.682151	
0.122	5.10241	0.678543	
0.123	5.11356	0.683271	
0.124	5.12476	0.697164	
0.125	5.13629	0.711813	
0.126	5.14418	0.721561	
0.127	5.15719	0.731762	
0.128	5.17769	0.738785	
0.129	5.1797	0.732223	
0.13	5.17951	0.728536	
0.131	5.18346	0.733919	
0.132	5.18733	0.727513	
0.133	5.20546	0.742766	
0.134	5.21651	0.754505	
0.135	5.22718	0.769429	
0.136	5.23586	0.777478	
0.137	5.25569	0.790921	
0.138	5.26765	0.793853	
0.139	5.26433	0.7834	
0.14	5.26126	0.781952	
0.141	5.26142	0.778806	
0.142	5.27832	0.786349	
0.143	5.29318	0.799953	
0.144	5.30692	0.814271	
0.145	5.3154	0.824056	
0.146	5.33402	0.836764	
0.147	5.35617	0.845616	
0.148	5.35016	0.838163	
0.149	5.33913	0.831982	
0.15	5.33298	0.830939	
0.151	5.34748	0.833365	
0.152	5.36745	0.849451	
0.153	5.38443	0.863174	
0.154	5.39558	0.873699	
0.155	5.41386	0.884199	
0.156	5.44345	0.896792	
0.157	5.43574	0.886359	
0.158	5.41531	0.881411	
0.159	5.39775	0.879704	
0.16	5.41531	0.885339	
0.161	5.43795	0.899803	
0.162	5.45372	0.911159	
0.163	5.45857	0.917545	
0.164	5.4833	0.929697	
0.165	5.51887	0.941986	
0.166	5.49623	0.923195	
0.167	5.47149	0.920196	
0.168	5.45232	0.922207	
0.169	5.4806	0.941257	
0.17	5.50052	0.94984	
0.171	5.5177	0.961028	
0.172	5.53231	0.969249	
0.173	5.57869	0.988513	
0.174	5.59128	0.984324	
0.175	5.55304	0.960119	
0.176	5.53145	0.966764	
0.177	5.52938	0.980323	
0.178	5.56083	1.00077	
0.179	5.57697	1.00585	
0.18	5.5862	1.01053	
0.181	5.60693	1.01856	
0.182	5.64643	1.02937	
0.183	5.61192	1.00163	
0.184	5.58864	0.999305	
0.185	5.58391	1.01743	
0.186	5.61107	1.04384	
0.187	5.62164	1.04391	
0.188	5.6294	1.04433	
0.189	5.63265	1.04215	
0.19	5.65967	1.05182	
0.191	5.65269	1.04148	
0.192	5.62666	1.03005	
0.193	5.62279	1.04917	
0.194	5.64496	1.07612	
0.195	5.65905	1.08575	
0.196	5.66222	1.08195	
0.197	5.66177	1.07654	
0.198	5.68051	1.08698	
0.199	5.67997	1.08007	
0.2	5.66181	1.06966	
0.201	5.66526	1.08693	
0.202	5.68309	1.10903	
0.203	5.69345	1.1228	
0.204	5.70088	1.12155	
0.205	5.70429	1.12224	
0.206	5.71902	1.1265	
0.207	5.72087	1.11929	
0.208	5.70931	1.10686	
0.209	5.71249	1.12072	
0.21	5.73257	1.14752	
0.211	5.74341	1.16315	
0.212	5.74848	1.16279	
0.213	5.75148	1.16247	
0.214	5.7672	1.16502	
0.215	5.7656	1.15303	
0.216	5.75677	1.14186	
0.217	5.75997	1.15653	
0.218	5.78675	1.19021	
0.219	5.79863	1.20605	
0.22	5.80631	1.21108	
0.221	5.8142	1.21104	
0.222	5.8353	1.21202	
0.223	5.81975	1.18965	
0.224	5.79971	1.1766	
0.225	5.8068	1.19822	
0.226	5.84231	1.24071	
0.227	5.85375	1.25269	
0.228	5.853	1.25177	
0.229	5.86826	1.25376	
0.23	5.88093	1.24313	
0.231	5.82853	1.19697	
0.232	5.80344	1.19412	
0.233	5.846	1.2516	
0.234	5.87962	1.28601	
0.235	5.89886	1.30122	
0.236	5.90951	1.30073	
0.237	5.95014	1.30432	
0.238	5.93667	1.27062	
0.239	5.85368	1.22218	
0.24	5.85093	1.25273	
0.241	5.90183	1.31123	
0.242	5.91432	1.32252	
0.243	5.92227	1.3238	
0.244	5.96007	1.33067	
0.245	5.99901	1.3211	
0.246	5.88544	1.24375	
0.247	5.84712	1.24764	
0.248	5.91543	1.31905	
0.249	5.93918	1.33907	
0.25	5.95113	1.34428	
0.251	5.9866	1.35576	
0.252	6.0335	1.35822	
0.253	5.93637	1.28335	
0.254	5.8653	1.26278	
0.255	5.92513	1.33278	
0.256	5.9583	1.35889	
0.257	5.96413	1.36508	
0.258	5.97892	1.37543	
0.259	6.0053	1.37761	
0.26	5.9536	1.32868	
0.261	5.9161	1.31386	
0.262	5.9634	1.36823	
0.263	5.98918	1.39124	
0.264	5.9935	1.39373	
0.265	6.00281	1.41373	
0.266	6.02284	1.41336	
0.267	5.99967	1.37701	
0.268	5.96291	1.35594	
0.269	6.00115	1.4052	
0.27	6.02531	1.43241	
0.271	6.0281	1.43307	
0.272	6.02733	1.44829	
0.273	6.025	1.43886	
0.274	5.99389	1.39342	
0.275	5.96176	1.36746	
0.276	6.00743	1.41941	
0.277	6.02759	1.44436	
0.278	6.04667	1.4493	
0.279	6.06468	1.47446	
0.28	6.06517	1.46665	
0.281	6.02068	1.41258	
0.282	5.99564	1.38936	
0.283	6.04401	1.45156	
0.284	6.05785	1.47508	
0.285	6.06481	1.47651	
0.286	6.09663	1.51002	
0.287	6.11271	1.5048	
0.288	6.03745	1.42423	
0.289	6.00413	1.41054	
0.29	6.08448	1.50011	
0.291	6.10582	1.51879	
0.292	6.11721	1.52117	
0.293	6.16504	1.56234	
0.294	6.18641	1.54574	
0.295	6.04424	1.43646	
0.296	6.01992	1.45404	
0.297	6.10099	1.5338	
0.298	6.12185	1.54114	
0.299	6.13403	1.53777	
0.3	6.19649	1.57714	
0.301	6.19794	1.52994	
0.302	6.00773	1.41917	
0.303	6.06623	1.50233	
0.304	6.13618	1.55417	
0.305	6.14455	1.54509	
0.306	6.17525	1.56666	
0.307	6.24314	1.59897	
0.308	6.12149	1.49747	
0.309	6.01689	1.4651	
0.31	6.10014	1.54982	
0.311	6.14374	1.57134	
0.312	6.14829	1.56628	
0.313	6.20167	1.62424	
0.314	6.18851	1.59372	
0.315	6.06379	1.50801	
0.316	6.09562	1.5612	
0.317	6.13269	1.58688	
0.318	6.14573	1.58498	
0.319	6.15531	1.60348	
0.32	6.17722	1.62243	
0.321	6.10519	1.54747	
0.322	6.09614	1.55062	
0.323	6.15284	1.60952	
0.324	6.17681	1.61803	
0.325	6.17987	1.61512	
0.326	6.19869	1.6413	
0.327	6.17289	1.6024	
0.328	6.12714	1.56477	
0.329	6.18717	1.63317	
0.33	6.21194	1.65772	
0.331	6.21749	1.65159	
0.332	6.22534	1.67106	
0.333	6.19577	1.65633	
0.334	6.10701	1.56858	
0.335	6.14192	1.61692	
0.336	6.19814	1.66942	
0.337	6.21428	1.65954	
0.338	6.21718	1.66345	
0.339	6.23606	1.68315	
0.34	6.15624	1.59961	
0.341	6.12968	1.60406	
0.342	6.21766	1.69019	
0.343	6.26151	1.69943	
0.344	6.28527	1.70157	
0.345	6.31666	1.7356	
0.346	6.24175	1.66559	
0.347	6.14006	1.61465	
0.348	6.23355	1.71678	
0.349	6.26365	1.72684	
0.35	6.27612	1.70705	
0.351	6.32753	1.74227	
0.352	6.30478	1.70063	
0.353	6.10533	1.58435	
0.354	6.17621	1.68101	
0.355	6.2526	1.72734	
0.356	6.26794	1.69927	
0.357	6.29134	1.72285	
0.358	6.31802	1.72833	
0.359	6.12404	1.6273	
0.36	6.17881	1.71277	
0.361	6.24342	1.74485	
0.362	6.26666	1.73635	
0.363	6.29238	1.7602	
0.364	6.2925	1.75865	
0.365	6.14193	1.6697	
0.366	6.18878	1.73143	
0.367	6.23355	1.74819	
0.368	6.26249	1.74314	
0.369	6.29707	1.76674	
0.37	6.29286	1.76875	
0.371	6.15816	1.67723	
0.372	6.2312	1.75371	
0.373	6.28577	1.78285	
0.374	6.30371	1.77885	
0.375	6.31545	1.79868	
0.376	6.28852	1.79376	
0.377	6.19041	1.71649	
0.378	6.25703	1.79303	
0.379	6.27682	1.80158	
0.38	6.28916	1.77889	
0.381	6.3147	1.79576	
0.382	6.28242	1.78509	
0.383	6.19678	1.71796	
0.384	6.27008	1.80285	
0.385	6.3171	1.82665	
0.386	6.32763	1.81103	
0.387	6.37269	1.84232	
0.388	6.30961	1.81916	
0.389	6.17964	1.74737	
0.39	6.27458	1.8371	
0.391	6.34815	1.85359	
0.392	6.35852	1.82229	
0.393	6.40086	1.84965	
0.394	6.31484	1.79589	
0.395	6.20847	1.76034	
0.396	6.29578	1.83996	
0.397	6.38219	1.86228	
0.398	6.4131	1.86049	
0.399	6.45796	1.89007	
0.4	6.22248	1.75414	
0.401	6.18619	1.79708	
0.402	6.2993	1.86875	
0.403	6.31438	1.83296	
0.404	6.34802	1.84865	
0.405	6.4063	1.87265	
0.406	6.18756	1.76418	
0.407	6.24351	1.84654	
0.408	6.2962	1.86746	
0.409	6.32955	1.85834	
0.41	6.39833	1.89148	
0.411	6.37038	1.87695	
0.412	6.21264	1.83601	
0.413	6.28479	1.90123	
0.414	6.31895	1.8903	
0.415	6.33288	1.86872	
0.416	6.40063	1.90242	
0.417	6.28851	1.8508	
0.418	6.25644	1.86711	
0.419	6.30962	1.89921	
0.42	6.37062	1.90442	
0.421	6.38628	1.90437	
0.422	6.40092	1.92287	
0.423	6.23317	1.84727	
0.424	6.30523	1.93058	
0.425	6.3438	1.93791	
0.426	6.37266	1.91799	
0.427	6.40782	1.9268	
0.428	6.33669	1.89401	
0.429	6.25565	1.86223	
0.43	6.3468	1.95204	
0.431	6.39893	1.95896	
0.432	6.40584	1.93937	
0.433	6.44721	1.96487	
0.434	6.27894	1.88946	
0.435	6.29973	1.94275	
0.436	6.38061	1.97701	
0.437	6.44983	1.95638	
0.438	6.46096	1.93977	
0.439	6.41842	1.93251	
0.44	6.2728	1.88931	
0.441	6.34178	1.96785	
0.442	6.43185	1.99282	
0.443	6.44701	1.95674	
0.444	6.48346	1.98077	
0.445	6.2776	1.89644	
0.446	6.26181	1.93308	
0.447	6.31208	1.95988	
0.448	6.38724	1.95268	
0.449	6.44436	1.96372	
0.45	6.42827	1.96087	
0.451	6.23297	1.92574	
0.452	6.29981	1.98118	
0.453	6.36089	1.98549	
0.454	6.41227	1.99458	
0.455	6.52124	2.02832	
0.456	6.27636	1.92188	
0.457	6.29624	1.99911	
0.458	6.34503	2.00457	
0.459	6.41242	1.99373	
0.46	6.47676	2.01543	
0.461	6.37499	1.96158	
0.462	6.28395	1.98711	
0.463	6.36332	2.04845	
0.464	6.3993	2.02549	
0.465	6.42621	2.00423	
0.466	6.47413	2.02596	
0.467	6.29309	1.96414	
0.468	6.34539	2.03416	
0.469	6.41462	2.05115	
0.47	6.43669	2.02267	
0.471	6.48091	2.03612	
0.472	6.32613	1.98997	
0.473	6.34122	2.05938	
0.474	6.41477	2.08555	
0.475	6.44727	2.05463	
0.476	6.4754	2.02168	
0.477	6.42145	2.00695	
0.478	6.33246	2.03018	
0.479	6.41069	2.08608	
0.48	6.50489	2.09875	
0.481	6.49559	2.0612	
0.482	6.52373	2.07097	
0.483	6.32741	2.01924	
0.484	6.40135	2.08127	
0.485	6.45389	2.0749	
0.486	6.5177	2.07143	
0.487	6.57452	2.06851	
0.488	6.27243	1.97236	
0.489	6.30467	2.06603	
0.49	6.35715	2.07395	
0.491	6.42356	2.06337	
0.492	6.57732	2.09073	
0.493	6.38284	2.01366	
0.494	6.29079	2.07466	
0.495	6.36529	2.09594	
0.496	6.43124	2.08011	
0.497	6.51697	2.09806	
0.498	6.47379	2.06948	
0.499	6.28245	2.08203	
0.5	6.37154	2.12552	
0.501	6.43363	2.11118	
0.502	6.49853	2.10702	
0.503	6.55064	2.10275	
0.504	6.29719	2.05879	
0.505	6.37154	2.13222	
0.506	6.42972	2.1373	
0.507	6.46352	2.11077	
