1	0	227
2	3	255
3	3	266
4	3	227
5	2	183
6	2	246
7	2	254
8	2	266
9	2	150
10	2	330
11	2	337
12	2	225
13	2	356
14	2	369
15	2	382
16	2	356
17	2	399
18	2	399
19	2	426
20	2	382
21	2	398
22	2	329
23	2	334
24	2	330
25	2	332
26	2	396
27	2	342
28	2	282
29	2	341
30	2	341
31	2	340
32	2	337
33	2	336
34	2	336
35	2	339
36	2	383
37	2	372
38	2	377
39	2	372
40	2	370
41	2	365
42	2	436
43	2	368
44	2	359
45	2	359
46	2	363
47	2	363
48	2	349
49	2	367
50	2	359
51	2	366
52	2	359
53	2	363
54	2	361
55	2	358
56	2	360
57	2	345
58	2	348
59	2	359
60	2	366
61	2	367
62	2	367
63	2	370
64	2	380
65	2	384
66	2	383
67	2	390
68	2	441
69	2	401
70	2	383
71	2	389
72	2	429
73	2	436
74	2	436
75	2	449
76	2	390
77	2	472
78	2	424
79	2	412
80	2	409
81	2	408
82	2	382
83	2	421
84	2	393
85	2	501
86	2	479
87	2	488
88	2	426
89	2	268
90	2	414
91	2	468
92	2	400
93	2	429
94	2	466
95	2	248
96	2	362
97	2	397
98	2	251
99	2	395
100	2	333
101	2	402
102	2	408
103	2	394
104	2	395
105	2	394
106	2	344
107	2	393
108	2	394
109	2	389
110	2	390
111	2	391
112	2	439
113	2	428
114	2	430
115	2	400
116	2	440
117	2	447
118	2	450
119	2	422
120	2	451
121	2	470
122	2	481
123	2	493
124	2	451
125	2	552
126	2	557
127	2	550
128	2	473
129	2	479
130	2	491
131	2	482
132	2	403
133	2	398
134	2	399
135	2	389
136	2	395
137	2	395
138	2	447
139	2	444
140	2	409
141	2	451
142	2	440
143	2	269
144	2	386
145	2	434
146	2	398
147	2	393
148	2	331
149	2	441
150	2	401
151	2	395
152	2	398
153	2	442
154	2	395
155	2	390
156	2	449
157	2	401
158	2	452
159	2	463
160	2	415
161	2	428
162	2	437
163	2	449
164	2	463
165	2	492
166	2	479
167	2	431
168	2	476
169	2	453
170	2	463
171	2	413
172	2	456
173	2	452
174	2	406
175	2	500
176	2	457
177	2	453
178	2	439
179	2	441
180	2	440
181	2	485
182	2	447
183	2	414
184	2	443
185	2	443
186	2	397
187	2	452
188	2	356
189	2	402
190	2	455
191	2	411
192	2	420
193	2	452
194	2	462
195	2	439
196	2	410
197	2	461
198	2	464
199	2	468
200	2	517
201	2	476
202	2	454
203	2	451
204	2	451
205	2	397
206	2	446
207	2	453
208	2	462
209	2	452
210	2	447
211	2	462
212	2	486
213	2	454
214	2	450
215	2	452
216	2	459
217	2	448
218	2	454
219	2	453
220	2	459
221	2	447
222	2	457
223	2	469
224	2	469
225	2	471
226	2	490
227	2	500
228	2	510
229	2	469
230	2	415
231	2	519
232	2	512
233	2	463
234	2	464
235	2	457
236	2	496
237	2	461
238	2	457
239	2	430
240	2	445
241	2	464
242	2	455
243	2	461
244	2	457
245	2	381
246	2	504
247	2	468
248	2	456
249	2	495
250	2	441
251	2	497
252	2	513
253	2	450
254	2	447
255	2	455
256	2	508
257	2	504
258	2	480
259	2	459
260	2	500
261	2	498
262	2	494
263	2	461
264	2	446
265	2	490
266	2	497
267	2	456
268	2	500
269	2	257
270	2	490
271	2	441
272	2	491
273	2	455
274	2	496
275	2	448
276	2	462
277	2	466
278	2	494
279	2	459
280	2	503
281	2	480
282	2	482
283	2	479
284	2	483
285	2	472
286	2	498
287	2	503
288	2	498
289	2	498
290	2	493
291	2	487
292	2	462
293	2	493
294	2	411
295	2	497
296	2	472
297	2	449
298	2	495
299	2	459
300	2	481
301	2	475
302	2	489
303	2	468
304	2	481
305	2	453
306	2	452
307	2	533
308	2	467
309	2	457
310	2	497
311	2	457
312	2	462
313	2	478
314	2	467
315	2	465
316	2	461
317	2	465
318	2	461
319	2	444
320	2	491
321	2	502
322	2	480
323	2	456
324	2	480
325	2	455
326	2	436
327	2	486
328	2	492
329	2	450
330	2	455
331	2	475
332	2	446
333	2	486
334	2	449
335	2	342
336	2	476
337	2	480
338	2	454
339	2	450
340	2	495
341	2	476
342	2	466
343	2	498
344	2	471
345	2	450
346	2	481
347	2	483
348	2	471
349	2	441
350	2	443
351	2	434
352	2	460
353	2	476
354	2	458
355	2	424
356	2	466
357	2	462
358	2	447
359	2	474
360	2	439
361	2	442
362	2	456
363	2	445
364	2	447
365	2	469
366	2	423
367	2	424
368	2	432
369	2	449
370	2	420
371	2	481
372	2	413
373	2	307
374	2	451
375	2	447
376	2	299
377	2	437
378	2	399
379	2	412
380	2	312
381	2	449
382	2	445
383	2	478
384	2	437
385	2	449
386	2	460
387	2	344
388	2	449
389	2	436
390	2	405
391	2	399
392	2	400
393	2	444
394	2	436
395	2	407
396	2	433
397	2	422
398	2	433
399	2	329
400	2	415
401	2	294
402	2	419
403	2	407
404	2	345
405	2	300
406	2	432
407	2	427
408	2	299
409	2	416
410	2	333
411	2	298
412	2	295
413	2	414
414	2	296
415	2	416
416	2	306
417	2	296
418	2	400
419	2	327
420	2	300
421	2	402
422	2	304
423	2	292
424	2	328
425	2	300
426	2	329
427	2	296
428	2	259
429	2	316
430	2	334
431	2	324
432	2	402
433	2	300
434	2	315
435	2	370
436	2	281
437	2	436
438	2	303
439	2	288
440	2	417
441	2	278
442	2	296
443	2	310
444	2	313
445	2	376
446	2	394
447	2	312
448	2	393
449	2	325
450	2	300
451	2	423
452	2	278
453	2	313
454	2	305
455	2	403
456	2	399
457	2	392
458	2	295
459	2	320
460	2	326
461	2	288
462	2	386
463	2	281
464	2	288
465	2	280
466	2	286
467	2	297
468	2	398
469	2	294
470	2	322
471	2	295
472	2	406
473	2	326
474	2	294
475	2	300
476	2	412
477	2	299
478	2	407
479	2	308
480	2	309
481	2	296
482	2	275
483	2	361
484	2	284
485	2	265
486	2	371
487	2	279
488	2	373
489	2	407
490	2	297
491	2	390
492	2	386
493	2	407
494	2	385
495	2	305
496	2	293
497	2	388
498	2	287
499	2	369
500	2	281
501	2	284
502	2	368
503	2	268
504	2	373
505	2	265
506	2	273
507	2	279
