1	-1.58923e-06	1.58926e-06	-3.28225e-20
2	-3.98499e-06	3.98479e-06	-1.81265e-19
3	-7.66005e-06	7.66004e-06	9.14796e-20
4	-5.59189e-06	5.59204e-06	1.16891e-19
5	-4.89859e-06	4.89858e-06	6.01393e-20
6	-4.75215e-06	4.75212e-06	2.98156e-19
7	-4.47312e-06	4.47308e-06	3.64224e-20
8	-4.50557e-06	4.50555e-06	1.15196e-19
9	-3.69127e-06	3.69134e-06	-2.58769e-19
10	-3.45371e-06	3.45373e-06	1.55431e-19
11	-1.83331e-06	1.83327e-06	3.05779e-19
12	-2.1128e-06	2.11284e-06	-3.4686e-19
13	-1.58525e-06	1.58594e-06	9.33854e-20
14	-2.50266e-06	2.5026e-06	-1.88465e-19
15	-1.31732e-06	1.3174e-06	-1.79995e-19
