#       x-coordinate        y-coordinate
0.5	-0.38357
0.498435	-0.378826
0.49505	-0.375148
0.49099	-0.372231
0.486628	-0.369787
0.482102	-0.367661
0.477476	-0.365764
0.472782	-0.364044
0.46804	-0.362463
0.463261	-0.360996
0.458455	-0.359624
0.453627	-0.358335
0.44878	-0.357117
0.443919	-0.355961
0.439045	-0.35486
0.43416	-0.35381
0.429267	-0.352805
0.424365	-0.35184
0.419456	-0.350914
0.414541	-0.350022
0.40962	-0.349163
0.404694	-0.348334
0.399764	-0.347532
0.394829	-0.346757
0.389891	-0.346007
0.38495	-0.34528
0.380005	-0.344575
0.375058	-0.343892
0.370108	-0.343228
0.365155	-0.342583
0.3602	-0.341956
0.355243	-0.341347
0.350284	-0.340755
0.345323	-0.340178
0.34036	-0.339617
0.335396	-0.339071
0.33043	-0.338539
0.325463	-0.338022
0.320494	-0.337517
0.315524	-0.337025
0.310553	-0.336546
0.305581	-0.33608
0.300607	-0.335625
0.295633	-0.335181
0.290657	-0.334749
0.28568	-0.334328
0.280703	-0.333918
0.275725	-0.333517
0.270746	-0.333128
0.265766	-0.332748
0.260785	-0.332377
0.255803	-0.332017
0.250821	-0.331666
0.245839	-0.331323
0.240855	-0.33099
0.235871	-0.330666
0.230887	-0.33035
0.225901	-0.330043
0.220916	-0.329744
0.21593	-0.329454
0.210943	-0.329171
0.205956	-0.328897
0.200968	-0.32863
0.19598	-0.328371
0.190991	-0.32812
0.186003	-0.327876
0.181013	-0.32764
0.176024	-0.327411
0.171034	-0.327189
0.166043	-0.326975
0.161053	-0.326768
0.156062	-0.326568
0.151071	-0.326374
0.146079	-0.326188
0.141087	-0.326008
0.136095	-0.325835
0.131103	-0.325669
0.12611	-0.32551
0.121118	-0.325357
0.116125	-0.325211
0.111132	-0.325071
0.106138	-0.324937
0.101145	-0.32481
0.096151	-0.32469
0.091157	-0.324576
0.086163	-0.324468
0.081169	-0.324366
0.076174	-0.32427
0.07118	-0.324181
0.066185	-0.324098
0.061191	-0.324021
0.056196	-0.32395
0.051201	-0.323885
0.046206	-0.323827
0.041211	-0.323774
0.036216	-0.323728
0.031221	-0.323687
0.026226	-0.323653
0.02123	-0.323624
0.016235	-0.323602
0.01124	-0.323585
0.006245	-0.323575
0.001249	-0.32357
-0.003746	-0.323572
-0.008741	-0.323579
-0.013737	-0.323593
-0.018732	-0.323612
-0.023727	-0.323638
-0.028722	-0.323669
-0.033718	-0.323707
-0.038713	-0.32375
-0.043708	-0.3238
-0.048703	-0.323855
-0.053698	-0.323917
-0.058693	-0.323985
-0.063687	-0.324059
-0.068682	-0.324139
-0.073676	-0.324225
-0.078671	-0.324317
-0.083665	-0.324416
-0.088659	-0.324521
-0.093653	-0.324632
-0.098647	-0.324749
-0.103641	-0.324873
-0.108634	-0.325003
-0.113627	-0.32514
-0.11862	-0.325283
-0.123613	-0.325433
-0.128606	-0.325589
-0.133598	-0.325751
-0.13859	-0.325921
-0.143582	-0.326097
-0.148574	-0.32628
-0.153565	-0.32647
-0.158556	-0.326667
-0.163547	-0.32687
-0.168538	-0.327081
-0.173528	-0.327299
-0.178518	-0.327525
-0.183507	-0.327757
-0.188496	-0.327997
-0.193485	-0.328244
-0.198473	-0.328499
-0.203461	-0.328762
-0.208448	-0.329033
-0.213435	-0.329311
-0.218421	-0.329598
-0.223407	-0.329892
-0.228393	-0.330195
-0.233378	-0.330507
-0.238362	-0.330827
-0.243346	-0.331156
-0.248329	-0.331493
-0.253311	-0.33184
-0.258293	-0.332196
-0.263274	-0.332561
-0.268254	-0.332936
-0.273234	-0.333321
-0.278212	-0.333716
-0.28319	-0.334121
-0.288167	-0.334537
-0.293143	-0.334964
-0.298118	-0.335401
-0.303093	-0.335851
-0.308065	-0.336311
-0.313037	-0.336784
-0.318008	-0.337269
-0.322977	-0.337767
-0.327945	-0.338279
-0.332912	-0.338803
-0.337877	-0.339342
-0.34284	-0.339896
-0.347802	-0.340464
-0.352762	-0.341049
-0.35772	-0.34165
-0.362676	-0.342267
-0.36763	-0.342903
-0.372581	-0.343557
-0.37753	-0.344231
-0.382476	-0.344925
-0.387419	-0.34564
-0.392359	-0.346379
-0.397296	-0.347141
-0.402228	-0.347929
-0.407156	-0.348744
-0.412079	-0.349588
-0.416997	-0.350464
-0.42191	-0.351372
-0.426815	-0.352317
-0.431713	-0.353301
-0.436603	-0.354329
-0.441482	-0.355404
-0.44635	-0.356531
-0.451204	-0.357717
-0.456042	-0.35897
-0.46086	-0.360299
-0.465653	-0.361716
-0.470415	-0.363237
-0.475135	-0.364884
-0.479798	-0.366687
-0.48438	-0.36869
-0.488834	-0.370961
-0.493071	-0.373616
-0.496869	-0.376866
-0.499567	-0.381072
-0.499567	-0.386068
-0.496869	-0.390274
-0.493071	-0.393524
-0.488834	-0.396179
-0.48438	-0.39845
-0.479798	-0.400453
-0.475135	-0.402256
-0.470415	-0.403903
-0.465653	-0.405424
-0.46086	-0.406841
-0.456042	-0.40817
-0.451204	-0.409423
-0.44635	-0.410609
-0.441482	-0.411736
-0.436603	-0.412811
-0.431713	-0.413839
-0.426815	-0.414823
-0.42191	-0.415768
-0.416997	-0.416676
-0.412079	-0.417552
-0.407156	-0.418396
-0.402228	-0.419211
-0.397296	-0.419999
-0.392359	-0.420761
-0.387419	-0.4215
-0.382476	-0.422215
-0.37753	-0.422909
-0.372581	-0.423583
-0.36763	-0.424237
-0.362676	-0.424873
-0.35772	-0.42549
-0.352762	-0.426091
-0.347802	-0.426676
-0.34284	-0.427244
-0.337877	-0.427798
-0.332912	-0.428337
-0.327945	-0.428861
-0.322977	-0.429373
-0.318008	-0.429871
-0.313037	-0.430356
-0.308065	-0.430829
-0.303093	-0.431289
-0.298118	-0.431739
-0.293143	-0.432176
-0.288167	-0.432603
-0.28319	-0.433019
-0.278212	-0.433424
-0.273234	-0.433819
-0.268254	-0.434204
-0.263274	-0.434579
-0.258293	-0.434944
-0.253311	-0.4353
-0.248329	-0.435647
-0.243346	-0.435984
-0.238362	-0.436313
-0.233378	-0.436633
-0.228393	-0.436945
-0.223407	-0.437248
-0.218421	-0.437542
-0.213435	-0.437829
-0.208448	-0.438107
-0.203461	-0.438378
-0.198473	-0.438641
-0.193485	-0.438896
-0.188496	-0.439143
-0.183507	-0.439383
-0.178518	-0.439615
-0.173528	-0.439841
-0.168538	-0.440059
-0.163547	-0.44027
-0.158556	-0.440473
-0.153565	-0.44067
-0.148574	-0.44086
-0.143582	-0.441043
-0.13859	-0.441219
-0.133598	-0.441389
-0.128606	-0.441551
-0.123613	-0.441707
-0.11862	-0.441857
-0.113627	-0.442
-0.108634	-0.442137
-0.103641	-0.442267
-0.098647	-0.442391
-0.093653	-0.442508
-0.088659	-0.442619
-0.083665	-0.442724
-0.078671	-0.442823
-0.073676	-0.442915
-0.068682	-0.443001
-0.063687	-0.443081
-0.058693	-0.443155
-0.053698	-0.443223
-0.048703	-0.443285
-0.043708	-0.44334
-0.038713	-0.44339
-0.033718	-0.443433
-0.028722	-0.443471
-0.023727	-0.443502
-0.018732	-0.443528
-0.013737	-0.443547
-0.008741	-0.443561
-0.003746	-0.443568
0.001249	-0.44357
0.006245	-0.443565
0.01124	-0.443555
0.016235	-0.443538
0.02123	-0.443516
0.026226	-0.443487
0.031221	-0.443453
0.036216	-0.443412
0.041211	-0.443366
0.046206	-0.443313
0.051201	-0.443255
0.056196	-0.44319
0.061191	-0.443119
0.066185	-0.443042
0.07118	-0.442959
0.076174	-0.44287
0.081169	-0.442774
0.086163	-0.442672
0.091157	-0.442564
0.096151	-0.44245
0.101145	-0.44233
0.106138	-0.442203
0.111132	-0.442069
0.116125	-0.441929
0.121118	-0.441783
0.12611	-0.44163
0.131103	-0.441471
0.136095	-0.441305
0.141087	-0.441132
0.146079	-0.440952
0.151071	-0.440766
0.156062	-0.440572
0.161053	-0.440372
0.166043	-0.440165
0.171034	-0.439951
0.176024	-0.439729
0.181013	-0.4395
0.186003	-0.439264
0.190991	-0.43902
0.19598	-0.438769
0.200968	-0.43851
0.205956	-0.438243
0.210943	-0.437969
0.21593	-0.437686
0.220916	-0.437396
0.225901	-0.437097
0.230887	-0.43679
0.235871	-0.436474
0.240855	-0.43615
0.245839	-0.435817
0.250821	-0.435474
0.255803	-0.435123
0.260785	-0.434763
0.265766	-0.434392
0.270746	-0.434012
0.275725	-0.433623
0.280703	-0.433222
0.28568	-0.432812
0.290657	-0.432391
0.295633	-0.431959
0.300607	-0.431515
0.305581	-0.43106
0.310553	-0.430594
0.315524	-0.430115
0.320494	-0.429623
0.325463	-0.429118
0.33043	-0.428601
0.335396	-0.428069
0.34036	-0.427523
0.345323	-0.426962
0.350284	-0.426385
0.355243	-0.425793
0.3602	-0.425184
0.365155	-0.424557
0.370108	-0.423912
0.375058	-0.423248
0.380005	-0.422565
0.38495	-0.42186
0.389891	-0.421133
0.394829	-0.420383
0.399764	-0.419608
0.404694	-0.418806
0.40962	-0.417977
0.414541	-0.417118
0.419456	-0.416226
0.424365	-0.4153
0.429267	-0.414335
0.43416	-0.41333
0.439045	-0.41228
0.443919	-0.411179
0.44878	-0.410023
0.453627	-0.408805
0.458455	-0.407516
0.463261	-0.406144
0.46804	-0.404677
0.472782	-0.403096
0.477476	-0.401376
0.482102	-0.399479
0.486628	-0.397353
0.49099	-0.394909
0.49505	-0.391992
0.498435	-0.388314
