0.994966
0.954794
0.954794
0.994966
0.912128
0.664229
0.459579
0.2971
0.175948
0.0954964
0.0553244
0.0553244
0.0954964
0.175948
0.2971
0.459579
0.664229
0.912128
0.811597
0.563698
0.359048
0.196569
0.075417
0.075417
0.196569
0.359048
0.563698
0.811597
0.930123
0.543295
0.20461
0.20461
0.543295
0.930123
0.829592
0.442764
0.104079
0.104079
0.442764
0.829592
0.857847
0.367398
0.367398
0.857847
0.757316
0.266868
0.266868
0.757316
0.404683
0.404683
0.911167
0.304152
0.304152
0.911167
0.686215
0.0116977
0.0116977
0.686215
0.585684
0.585684
0.440702
0.440702
0.340171
0.340171
0.274758
0.274758
0.174227
0.174227
0.196735
0.196735
0.0962037
0.0962037
0.24238
0.24238
0.141849
0.141849
0.405848
0.405848
0.305318
0.305318
0.748665
0.748665
0.648134
0.648134
0.821937
0.821937
0.756184
0.756184
0.302534
0.302534
0.202003
0.202003
0.600999
0.600999
0.546459
0.546459
0.163089
0.163089
0.0625578
0.0625578
0.614329
0.614329
0.56973
0.56973
0.531926
0.531926
0.431395
0.431395
0.835467
0.835467
0.80013
0.80013
0.517889
0.517889
0.486984
0.486984
0.24572
0.24572
0.978104
0.978104
0.0786346
0.0786346
0.995133
0.995133
0.831953
0.831953
0.814185
0.814185
0.688178
0.688178
0.675133
0.675133
0.585414
0.585414
0.576848
0.576848
0.523131
0.0609951
0.0699272
0.0788592
0.0877913
0.0967233
0.105655
0.114587
0.12352
0.132452
0.141384
0.150316
0.159248
0.16818
0.177112
0.186044
0.194976
0.203908
0.21284
0.221772
0.230704
0.239636
0.248568
0.2575
0.266432
0.275364
0.284296
0.293229
0.302161
0.311093
0.320025
0.328957
0.337889
0.346821
0.355753
0.364685
0.373617
0.382549
0.391481
0.400413
0.409345
0.418277
0.427209
0.436141
0.445073
0.454006
0.462938
0.47187
0.480802
0.489734
0.498666
0.918472
0.927404
0.936336
0.945269
0.501
0.894345
0.885413
0.87648
0.867548
0.858616
0.849684
0.840752
0.83182
0.822888
0.813956
0.805024
0.796092
0.78716
0.778228
0.769296
0.760364
0.751432
0.7425
0.733568
0.724636
0.715704
0.706771
0.697839
0.688907
0.679975
0.671043
0.662111
0.653179
0.644247
0.635315
0.626383
0.617451
0.608519
0.599587
0.590655
0.581723
0.572791
0.563859
0.554927
0.545994
0.537062
0.52813
0.519198
0.510266
0.501334
0.501
0.518887
0.955208
0.966154
0.977101
0.988048
0.998994
0.523131
0.523131
0.576848
0.576848
0.585414
0.585414
0.675133
0.675133
0.688178
0.688178
0.814185
0.814185
0.831953
0.831953
0.995133
0.995133
0.0786346
0.0786346
0.978104
0.978104
0.24572
0.24572
0.486984
0.486984
0.517889
0.517889
0.80013
0.80013
0.835467
0.835467
0.431395
0.431395
0.531926
0.531926
0.56973
0.56973
0.614329
0.614329
0.0625578
0.0625578
0.163089
0.163089
0.546459
0.546459
0.600999
0.600999
0.202003
0.202003
0.302534
0.302534
0.756184
0.756184
0.821937
0.821937
0.648134
0.648134
0.748665
0.748665
0.305318
0.305318
0.405848
0.405848
0.141849
0.141849
0.24238
0.24238
0.0962037
0.0962037
0.196735
0.196735
0.174227
0.174227
0.274758
0.274758
0.340171
0.340171
0.440702
0.440702
0.585684
0.585684
0.686215
0.0116977
0.0116977
0.686215
0.911167
0.304152
0.304152
0.911167
0.404683
0.404683
0.757316
0.266868
0.266868
0.757316
0.857847
0.367398
0.367398
0.857847
0.829592
0.442764
0.104079
0.104079
0.442764
0.829592
0.930123
0.543295
0.20461
0.20461
0.543295
0.930123
0.811597
0.563698
0.359048
0.196569
0.075417
0.075417
0.196569
0.359048
0.563698
0.811597
0.912128
0.664229
0.459579
0.2971
0.175948
0.0954964
0.0553244
0.0553244
0.0954964
0.175948
0.2971
0.459579
0.664229
0.912128
0.994966
0.954794
0.954794
0.994966
