0.877312
0.735883
0.635347
0.575218
0.555207
0.575218
0.635347
0.735883
0.877312
0.959797
0.776781
0.635352
0.534817
0.474687
0.454676
0.474687
0.534817
0.635352
0.776781
0.959797
0.869271
0.555022
0.285847
0.299398
0.299398
0.285847
0.555022
0.869271
0.76874
0.454492
0.800479
0.800479
0.454492
0.76874
0.640147
0.615758
0.615758
0.640147
0.539617
0.346967
0.346967
0.539617
0.62041
0.216453
0.216453
0.62041
0.519879
0.00148427
0.00148427
0.519879
0.843856
0.33235
0.33235
0.843856
0.743325
0.1606
0.1606
0.743325
0.770044
0.770044
0.621991
0.621991
0.426075
0.426075
0.300745
0.300745
0.241005
0.241005
0.132872
0.132872
0.202625
0.202625
0.104073
0.104073
0.266798
0.266798
0.175796
0.175796
0.427395
0.427395
0.34999
0.34999
0.676172
0.676172
0.604949
0.604949
0.996389
0.996389
0.931009
0.931009
0.382476
0.382476
0.322644
0.322644
0.829736
0.829736
0.776844
0.776844
0.33615
0.33615
0.29155
0.29155
0.898663
0.898663
0.858767
0.858767
0.511222
0.511222
0.475885
0.475885
0.1716
0.1716
0.140695
0.140695
0.87792
0.87792
0.85134
0.85134
0.628616
0.628616
0.60627
0.60627
0.422396
0.422396
0.404212
0.404212
0.258224
0.258224
0.24414
0.24414
0.135287
0.135287
0.125259
0.125259
0.0529912
0.0529912
0.565461
0.574393
0.583325
0.592257
0.601189
0.610121
0.619053
0.627986
0.636918
0.64585
0.654782
0.663714
0.672646
0.681578
0.69051
0.699442
0.708374
0.717306
0.726238
0.73517
0.744102
0.753034
0.761966
0.770898
0.77983
0.788763
0.797695
0.806627
0.815559
0.824491
0.833423
0.842355
0.851287
0.860219
0.869151
0.878083
0.887015
0.895947
0.904879
0.913811
0.922743
0.931675
0.940607
0.94954
0.958472
0.967404
0.976336
0.985268
0.9942
0.0469874
0.0469874
0.0109426
0.00894347
0.991057
0.0209959
0.029928
0.0388601
0.0477921
0.0567242
0.0656562
0.0745883
0.0835203
0.0924524
0.101384
0.110316
0.119249
0.128181
0.137113
0.146045
0.154977
0.163909
0.172841
0.181773
0.190705
0.199637
0.208569
0.217501
0.226433
0.235365
0.244297
0.253229
0.262161
0.271093
0.280026
0.288958
0.29789
0.306822
0.315754
0.324686
0.333618
0.34255
0.351482
0.360414
0.369346
0.378278
0.38721
0.396142
0.405074
0.414006
0.422938
0.43187
0.440803
0.00894347
0.00894347
0.460681
0.471628
0.482574
0.493521
0.504468
0.515414
0.526361
0.537307
0.548254
0.559201
0.570147
0.581094
0.59204
0.602987
0.613934
0.62488
0.635827
0.646773
0.65772
0.668667
0.679613
0.69056
0.701506
0.712453
0.7234
0.734346
0.745293
0.756239
0.767186
0.778133
0.789079
0.800026
0.810972
0.821919
0.832866
0.843812
0.854759
0.865705
0.876652
0.887599
0.898545
0.909492
0.920438
0.931385
0.942332
0.953278
0.964225
0.975171
0.986118
0.0109426
0.0109426
0.0469874
0.0469874
0.0529912
0.0529912
0.125259
0.125259
0.135287
0.135287
0.24414
0.24414
0.258224
0.258224
0.404212
0.404212
0.422396
0.422396
0.60627
0.60627
0.628616
0.628616
0.85134
0.85134
0.87792
0.87792
0.140695
0.140695
0.1716
0.1716
0.475885
0.475885
0.511222
0.511222
0.858767
0.858767
0.898663
0.898663
0.29155
0.29155
0.33615
0.33615
0.776844
0.776844
0.829736
0.829736
0.322644
0.322644
0.382476
0.382476
0.931009
0.931009
0.996389
0.996389
0.604949
0.604949
0.676172
0.676172
0.34999
0.34999
0.427395
0.427395
0.175796
0.175796
0.266798
0.266798
0.104073
0.104073
0.202625
0.202625
0.132872
0.132872
0.241005
0.241005
0.300745
0.300745
0.426075
0.426075
0.621991
0.621991
0.770044
0.770044
0.743325
0.1606
0.1606
0.743325
0.843856
0.33235
0.33235
0.843856
0.519879
0.00148427
0.00148427
0.519879
0.62041
0.216453
0.216453
0.62041
0.539617
0.346967
0.346967
0.539617
0.640147
0.615758
0.615758
0.640147
0.76874
0.454492
0.800479
0.800479
0.454492
0.76874
0.869271
0.555022
0.285847
0.299398
0.299398
0.285847
0.555022
0.869271
0.959797
0.776781
0.635352
0.534817
0.474687
0.454676
0.474687
0.534817
0.635352
0.776781
0.959797
0.877312
0.735883
0.635347
0.575218
0.555207
0.575218
0.635347
0.735883
0.877312
