0.0025	638.157	-0.000262959	
0.005	2.85887	0.000437756	
0.0075	2.70269	-0.000386668	
0.01	2.34715	0.000319013	
0.0125	2.06609	-1.77933e-05	
0.015	1.83184	-2.88689e-05	
0.0175	1.63612	-5.33853e-05	
0.02	1.47384	-2.16387e-05	
0.0225	1.33975	-2.33806e-05	
0.025	1.26222	-1.43872e-06	
0.0275	1.16263	-1.00215e-05	
0.03	1.07936	2.66964e-06	
0.0325	1.0101	1.29216e-05	
0.035	0.951924	-1.33337e-05	
0.0375	0.902616	1.55255e-05	
0.04	0.860304	-3.84907e-05	
0.0425	0.823804	3.06733e-05	
0.045	0.791769	-5.79008e-05	
0.0475	0.763732	5.75911e-05	
0.05	0.738587	-6.04557e-05	
0.0525	0.716388	0.000123507	
0.055	0.695886	-0.000124284	
0.0575	0.677728	3.11053e-05	
0.06	0.661176	0.000191297	
0.0625	0.645618	8.47652e-07	
0.065	0.631266	-0.000230454	
0.0675	0.618682	0.000213053	
0.07	0.606071	-0.00021752	
0.0725	0.595287	0.000226946	
0.075	0.584209	-0.000283488	
0.0775	0.574976	0.00033461	
0.08	0.565328	-3.7096e-05	
0.0825	0.556736	2.18825e-05	
0.085	0.548194	-0.00033852	
0.0875	0.541107	0.000336796	
0.09	0.533151	-0.000312731	
0.0925	0.52673	0.000218722	
0.095	0.519926	7.14894e-05	
0.0975	0.513406	-0.000146805	
0.1	0.507909	0.000116856	
0.1025	0.501821	-8.13379e-05	
0.105	0.496673	0.000105718	
0.1075	0.491133	-0.000147364	
0.11	0.486553	7.87765e-05	
0.1125	0.481451	-0.000127384	
0.115	0.477006	7.57748e-05	
0.1175	0.472784	3.7465e-05	
0.12	0.468358	-9.87131e-05	
0.1225	0.464365	6.89339e-05	
0.125	0.46069	4.1232e-05	
0.1275	0.456635	-0.000113512	
0.13	0.453146	7.34779e-05	
0.1325	0.449825	4.49551e-07	
0.135	0.446436	9.20128e-05	
0.1375	0.443161	-8.39703e-05	
0.14	0.439867	-2.71628e-05	
0.1425	0.437231	2.10317e-05	
0.145	0.434111	9.59941e-05	
0.1475	0.431362	-8.17634e-05	
0.15	0.428468	-3.87925e-05	
0.1525	0.426086	1.4503e-05	
0.155	0.423599	4.29746e-05	
0.1575	0.421062	-2.51991e-05	
0.16	0.418489	-3.72292e-05	
0.1625	0.416528	2.39479e-05	
0.165	0.414175	-1.27234e-05	
0.1675	0.412162	3.3587e-06	
0.17	0.409795	-7.39891e-06	
0.1725	0.408081	2.2627e-05	
0.175	0.406024	3.46325e-05	
0.1775	0.404014	-6.41309e-05	
0.18	0.402381	2.32335e-05	
0.1825	0.400574	2.18653e-05	
0.185	0.398747	-1.97092e-05	
0.1875	0.397197	-2.26229e-05	
0.19	0.39558	7.37068e-06	
0.1925	0.394039	3.31156e-06	
0.195	0.392499	6.90196e-06	
0.1975	0.391066	-1.41334e-06	
0.2	0.389554	-8.6966e-06	
0.2025	0.388322	-4.47814e-06	
0.205	0.386907	-2.54671e-06	
0.2075	0.385681	9.18725e-06	
0.21	0.3844	3.68598e-06	
0.2125	0.383214	-8.39902e-07	
0.215	0.382	-1.99655e-05	
0.2175	0.380936	2.86535e-05	
0.22	0.37979	-1.92971e-05	
0.2225	0.378777	1.65158e-05	
0.225	0.37772	3.74517e-05	
0.2275	0.376691	-4.84748e-05	
0.23	0.375762	2.21732e-06	
0.2325	0.374842	-1.79281e-05	
0.235	0.37399	2.17645e-05	
0.2375	0.373089	2.59566e-06	
0.24	0.372279	2.20951e-06	
0.2425	0.371423	-4.51454e-05	
0.245	0.370673	4.5472e-05	
0.2475	0.369922	-2.56313e-05	
0.25	0.369203	1.74977e-05	
0.2525	0.368526	-4.29905e-06	
0.255	0.367812	7.38293e-06	
0.2575	0.367214	-1.02541e-05	
0.26	0.366572	5.76577e-05	
0.2625	0.365964	-4.6824e-05	
0.265	0.365393	-5.91278e-06	
0.2675	0.364864	-1.55933e-05	
0.27	0.364358	2.59606e-05	
0.2725	0.363816	-2.12262e-07	
0.275	0.363382	-5.55376e-06	
0.2775	0.362867	-1.8225e-05	
0.28	0.362471	1.76038e-05	
0.2825	0.361997	-7.25413e-06	
0.285	0.361651	-3.15972e-06	
0.2875	0.361269	1.83661e-05	
0.29	0.360878	-6.56579e-06	
0.2925	0.360583	-6.09169e-06	
0.295	0.36018	-2.17197e-05	
0.2975	0.35999	3.67907e-05	
0.3	0.359594	-3.48245e-05	
0.3025	0.359411	-3.80328e-07	
0.305	0.359162	2.7288e-05	
0.3075	0.35889	2.88573e-06	
0.31	0.35873	-5.94447e-06	
0.3125	0.358484	-2.1037e-06	
0.315	0.358277	-1.12704e-05	
0.3175	0.358213	1.52642e-05	
0.32	0.35793	-1.67965e-05	
0.3225	0.357901	4.54583e-05	
0.325	0.357728	-3.40842e-05	
0.3275	0.357679	-3.94547e-07	
0.33	0.357549	-6.5196e-06	
0.3325	0.35743	-2.1328e-05	
0.335	0.357346	5.16203e-05	
0.3375	0.357464	-3.91446e-07	
0.34	0.357384	-3.19884e-05	
0.3425	0.357344	-5.48043e-06	
0.345	0.357346	3.50959e-05	
0.3475	0.357341	-4.59736e-06	
0.35	0.357274	-6.94373e-05	
0.3525	0.357537	7.90515e-05	
0.355	0.357399	-2.74337e-05	
0.3575	0.357557	-2.18477e-06	
0.36	0.357583	-6.57777e-06	
0.3625	0.357728	3.59711e-05	
0.365	0.357635	1.35194e-05	
0.3675	0.357972	-2.12776e-05	
0.37	0.358029	-2.45105e-05	
0.3725	0.358149	5.44918e-06	
0.375	0.35817	2.19531e-05	
0.3775	0.358552	-1.09568e-05	
0.38	0.358703	1.28731e-06	
0.3825	0.358754	1.3095e-05	
0.385	0.359066	-2.24641e-05	
0.3875	0.35911	-1.41179e-05	
0.39	0.359475	8.17946e-06	
0.3925	0.359641	-4.34155e-06	
0.395	0.359824	-6.67167e-06	
0.3975	0.360126	2.03967e-05	
0.4	0.360481	1.11831e-06	
0.4025	0.360576	1.61797e-05	
0.405	0.360964	-2.30233e-05	
0.4075	0.361121	-1.53112e-05	
0.41	0.361652	3.8271e-05	
0.4125	0.361647	8.8793e-06	
0.415	0.3622	-1.57498e-05	
0.4175	0.362535	-2.6066e-06	
0.42	0.362589	2.16281e-05	
0.4225	0.363093	-9.68238e-05	
0.425	0.363599	8.31853e-05	
0.4275	0.363778	-4.28251e-05	
0.43	0.364272	4.25291e-05	
0.4325	0.364532	-1.05826e-06	
0.435	0.365006	-2.18694e-05	
0.4375	0.365386	7.74719e-05	
0.44	0.365822	-8.34294e-05	
0.4425	0.366077	2.66656e-05	
0.445	0.366713	1.08498e-05	
0.4475	0.366953	-1.86233e-05	
0.45	0.367382	-4.57698e-05	
0.4525	0.368079	5.86973e-05	
0.455	0.36827	-2.80916e-05	
0.4575	0.368854	7.06111e-06	
0.46	0.369274	1.57684e-06	
0.4625	0.369667	1.32293e-05	
0.465	0.370383	-5.81287e-06	
0.4675	0.370666	-4.37121e-05	
0.47	0.371212	4.73426e-05	
0.4725	0.371894	-4.91708e-06	
0.475	0.372179	2.90744e-06	
0.4775	0.372858	3.2723e-06	
0.48	0.373441	-1.59253e-06	
0.4825	0.373799	1.40443e-05	
0.485	0.374382	-5.82064e-05	
0.4875	0.37511	5.79036e-05	
0.49	0.375407	-1.11263e-05	
0.4925	0.376124	-8.00069e-06	
0.495	0.376725	9.33811e-06	
0.4975	0.377176	1.92918e-06	
0.5	0.37781	-2.29824e-05	
0.5025	0.37846	9.73661e-06	
0.505	0.379009	-1.89386e-05	
0.5075	0.379601	1.73631e-05	
0.51	0.380122	9.11224e-06	
0.5125	0.380961	4.41577e-08	
0.515	0.381601	1.3849e-06	
0.5175	0.381944	1.74555e-05	
0.52	0.382729	-9.85923e-05	
0.5225	0.383355	6.48662e-05	
0.525	0.384173	-8.79732e-06	
0.5275	0.384675	-1.07548e-05	
0.53	0.38537	4.13157e-05	
0.5325	0.386005	2.19097e-06	
0.535	0.386722	3.98174e-07	
0.5375	0.387408	-1.18462e-05	
0.54	0.387909	-9.1987e-05	
0.5425	0.388712	7.99667e-05	
0.545	0.389607	-1.02814e-05	
0.5475	0.390232	1.23506e-05	
0.55	0.390665	1.49143e-05	
0.5525	0.39165	7.85035e-06	
0.555	0.392332	-2.52276e-05	
0.5575	0.39314	2.81355e-05	
0.56	0.393642	4.11425e-05	
0.5625	0.394495	-5.7383e-05	
0.565	0.395066	-8.86075e-06	
0.5675	0.396001	1.68177e-05	
0.57	0.396745	-1.97975e-05	
0.5725	0.397515	2.21223e-05	
0.575	0.398177	2.45947e-06	
0.5775	0.399028	-3.48977e-06	
0.58	0.399805	8.58685e-05	
0.5825	0.400492	-0.000107497	
0.585	0.401361	1.81574e-05	
0.5875	0.401896	-2.69038e-07	
0.59	0.40295	6.01358e-06	
0.5925	0.403697	-1.84136e-05	
0.595	0.404553	1.78495e-05	
0.5975	0.405218	4.33781e-06	
0.6	0.405962	-0.000112426	
0.6025	0.406861	7.69823e-05	
0.605	0.40774	7.95493e-06	
0.6075	0.408653	-6.05074e-06	
0.61	0.409356	-3.45639e-06	
0.6125	0.410196	3.31093e-05	
0.615	0.411011	5.82265e-06	
0.6175	0.411884	1.07494e-06	
0.62	0.412721	6.30797e-05	
0.6225	0.413542	-8.68995e-05	
0.625	0.414357	-1.31206e-06	
0.6275	0.415097	3.56849e-06	
0.63	0.416241	-3.1621e-06	
0.6325	0.416851	7.52153e-06	
0.635	0.417949	-6.9907e-07	
0.6375	0.418588	1.39222e-05	
0.64	0.419586	2.23755e-06	
0.6425	0.420639	8.8828e-05	
0.645	0.421293	-0.000128578	
0.6475	0.422049	-2.98873e-06	
0.65	0.42309	1.91348e-05	
0.6525	0.424084	9.90612e-06	
0.655	0.42489	-4.79756e-06	
0.6575	0.425875	1.39921e-05	
0.66	0.426625	5.55287e-06	
0.6625	0.427647	-1.06181e-05	
0.665	0.428473	4.64135e-05	
0.6675	0.429221	-0.000163828	
0.67	0.430322	8.82437e-05	
0.6725	0.431275	2.46339e-05	
0.675	0.432301	-1.13936e-05	
0.6775	0.43319	1.83473e-05	
0.68	0.433788	1.61558e-05	
0.6825	0.434928	-1.23654e-05	
0.685	0.435892	-4.99685e-05	
0.6875	0.436965	5.47745e-05	
0.69	0.437534	-3.36502e-06	
0.6925	0.438695	-2.30591e-05	
0.695	0.439744	1.325e-06	
0.6975	0.44059	-1.47612e-05	
0.7	0.441541	3.90468e-05	
0.7025	0.442485	3.46392e-06	
0.705	0.443473	-6.71108e-07	
0.7075	0.444257	-4.88658e-05	
0.71	0.445491	3.64443e-05	
0.7125	0.446135	-2.69736e-06	
0.715	0.447228	-1.30885e-05	
0.7175	0.448277	1.17705e-06	
0.72	0.449325	3.07793e-06	
0.7225	0.450177	-5.29067e-06	
0.725	0.451189	2.60819e-05	
0.7275	0.452142	-2.58774e-06	
0.73	0.453148	-9.76336e-07	
0.7325	0.45408	8.90186e-05	
0.735	0.455047	-0.000103052	
0.7375	0.456041	6.73997e-07	
0.74	0.456874	-0.000102732	
0.7425	0.458284	0.000137779	
0.745	0.458804	-7.01352e-05	
0.7475	0.460169	5.20429e-05	
0.75	0.460896	-8.36245e-06	
0.7525	0.461994	6.65225e-06	
0.755	0.462985	-4.35851e-06	
0.7575	0.463994	-8.62001e-06	
0.76	0.464992	-7.56833e-06	
0.7625	0.465889	2.40817e-05	
0.765	0.467127	4.9114e-06	
0.7675	0.468006	-3.40325e-06	
0.77	0.468834	-0.000103732	
0.7725	0.470206	0.000107788	
0.775	0.470846	-4.13349e-05	
0.7775	0.472195	3.91436e-05	
0.78	0.472943	-6.784e-06	
0.7825	0.47401	1.02569e-05	
0.785	0.474893	-1.7187e-05	
0.7875	0.476057	-1.61223e-05	
0.79	0.477333	0.000127631	
0.7925	0.478041	-0.000117315	
0.795	0.479097	-2.38244e-06	
0.7975	0.480143	8.47816e-05	
0.8	0.481106	-8.91747e-05	
0.8025	0.482047	-2.82366e-05	
0.805	0.483292	5.67475e-05	
0.8075	0.484064	-7.9698e-05	
0.81	0.485302	6.85521e-05	
0.8125	0.486092	2.44821e-06	
0.815	0.487421	-2.3142e-05	
0.8175	0.488271	-5.25159e-06	
0.82	0.489309	-2.92147e-06	
0.8225	0.490147	2.7103e-05	
0.825	0.491523	1.34028e-05	
0.8275	0.492404	-1.30254e-05	
0.83	0.493383	6.17039e-05	
0.8325	0.4944	-6.14832e-05	
0.835	0.495408	-2.53267e-06	
0.8375	0.496429	6.78272e-06	
0.84	0.497484	-4.01406e-06	
0.8425	0.498498	-2.72338e-06	
0.845	0.499528	-2.62625e-06	
0.8475	0.500577	-1.36279e-05	
0.85	0.501416	2.28542e-05	
0.8525	0.502785	2.03072e-05	
0.855	0.503657	-1.30284e-05	
0.8575	0.5045	-4.33441e-05	
0.86	0.505795	3.4199e-05	
0.8625	0.506732	-3.58404e-05	
0.865	0.507435	1.99354e-05	
0.8675	0.508717	-5.93114e-06	
0.87	0.509865	2.54219e-05	
0.8725	0.510791	-1.58297e-05	
0.875	0.511767	7.42747e-06	
0.8775	0.512825	-8.34528e-06	
0.88	0.513838	3.37446e-05	
0.8825	0.514942	-2.11125e-05	
0.885	0.51588	-4.51827e-06	
0.8875	0.516564	1.20679e-05	
0.89	0.518058	-1.81258e-05	
0.8925	0.518846	2.73385e-06	
0.895	0.519899	-2.31989e-06	
0.8975	0.521023	3.01881e-05	
0.9	0.521631	3.03377e-06	
0.9025	0.522905	-2.24641e-05	
0.905	0.524079	-4.03464e-06	
0.9075	0.524766	1.38798e-05	
0.91	0.525965	-1.46245e-05	
0.9125	0.527079	1.04847e-05	
0.915	0.527921	-1.43237e-06	
0.9175	0.528923	7.04129e-06	
0.92	0.529959	-1.47327e-05	
0.9225	0.530816	-2.7665e-05	
0.925	0.531866	-1.91801e-05	
0.9275	0.532975	1.25614e-05	
0.93	0.534098	4.5628e-05	
0.9325	0.534699	-7.26715e-06	
0.935	0.536024	-1.82899e-05	
0.9375	0.536698	-3.55009e-05	
0.94	0.53798	4.65718e-05	
0.9425	0.538718	-2.1069e-05	
0.945	0.539881	1.26065e-06	
0.9475	0.540678	3.07957e-05	
0.95	0.541964	-1.07725e-05	
0.9525	0.542507	-0.000104994	
0.955	0.543853	0.00010815	
0.9575	0.544607	-1.29992e-05	
0.96	0.545825	2.95428e-05	
0.9625	0.546347	-0.000106956	
0.965	0.547671	9.47818e-05	
0.9675	0.54838	1.38182e-05	
0.97	0.549494	-2.4246e-05	
0.9725	0.550617	-2.01278e-06	
0.975	0.55133	6.90741e-06	
0.9775	0.552329	4.11292e-06	
0.98	0.553264	2.74395e-06	
0.9825	0.554214	2.44919e-06	
0.985	0.555184	-3.29277e-06	
0.9875	0.556112	-5.05563e-07	
0.99	0.557074	-6.64159e-06	
0.9925	0.558058	3.11328e-05	
0.995	0.558675	-3.35183e-06	
0.9975	0.559819	-4.8927e-06	
1	0.560917	-2.15672e-05	
1.0025	0.561557	1.98252e-05	
1.005	0.56266	-1.49411e-05	
1.0075	0.563491	-2.81568e-06	
1.01	0.564413	4.50565e-07	
1.0125	0.565414	3.55517e-05	
1.015	0.56613	-2.38446e-05	
1.0175	0.566945	7.68301e-07	
1.02	0.568179	-2.17124e-05	
1.0225	0.568786	1.97369e-05	
1.025	0.56986	-7.74061e-06	
1.0275	0.57064	5.12077e-06	
1.03	0.571612	-6.25148e-06	
1.0325	0.57241	8.70331e-06	
1.035	0.573372	-5.02155e-06	
1.0375	0.574161	9.79651e-06	
1.04	0.575115	-4.45194e-06	
1.0425	0.575896	1.01223e-05	
1.045	0.576853	-8.53757e-06	
1.0475	0.577603	1.34269e-05	
1.05	0.57858	-1.33266e-05	
1.0525	0.579292	1.6871e-05	
1.055	0.580109	-0.000110475	
1.0575	0.581116	0.000132623	
1.06	0.581984	-5.81058e-05	
1.0625	0.582615	4.64666e-05	
1.065	0.583605	-2.40983e-05	
1.0675	0.584258	-1.638e-05	
1.07	0.585179	4.1154e-05	
1.0725	0.586108	-1.28278e-05	
1.075	0.586761	1.10586e-05	
1.0775	0.587663	1.26598e-06	
1.08	0.58844	-1.43165e-06	
1.0825	0.589243	3.92754e-07	
1.085	0.590131	9.20735e-05	
1.0875	0.590643	-0.0001648	
1.09	0.591609	4.75509e-05	
1.0925	0.592476	-7.32938e-06	
1.095	0.593118	1.31365e-05	
1.0975	0.59403	-2.03573e-05	
1.1	0.594646	2.02897e-05	
1.1025	0.595565	-1.76159e-05	
1.105	0.596163	2.22234e-05	
1.1075	0.597054	-3.63699e-06	
1.11	0.59771	9.1745e-06	
1.1125	0.598508	4.04487e-06	
1.115	0.599248	2.91731e-07	
1.1175	0.599985	1.33384e-06	
1.12	0.600719	1.20317e-06	
1.1225	0.601447	9.61526e-07	
1.125	0.602171	8.5939e-07	
1.1275	0.602889	7.5722e-07	
1.13	0.603603	6.59941e-07	
1.1325	0.604312	5.75955e-07	
1.135	0.605026	-1.87532e-06	
1.1375	0.605714	2.05977e-07	
1.14	0.60641	5.52523e-07	
1.1425	0.607099	2.53651e-07	
1.145	0.607783	2.57752e-07	
1.1475	0.608463	2.30857e-07	
1.15	0.609138	2.00835e-07	
1.1525	0.609807	1.77686e-07	
1.155	0.610462	2.53848e-06	
1.1575	0.611133	4.65877e-07	
1.16	0.611787	-1.11746e-07	
1.1625	0.612436	1.78584e-07	
1.165	0.613081	1.30932e-07	
1.1675	0.613721	9.21513e-08	
1.17	0.614356	7.37303e-08	
1.1725	0.614985	4.97274e-08	
1.175	0.615609	2.21058e-08	
1.1775	0.616217	1.77065e-06	
1.18	0.616856	-1.40431e-06	
1.1825	0.617439	1.01948e-06	
1.185	0.618057	7.79004e-07	
1.1875	0.618655	-3.89149e-07	
1.19	0.619248	-6.39411e-08	
1.1925	0.619837	-5.56135e-08	
1.195	0.62042	-1.09687e-07	
1.1975	0.620998	-1.33209e-07	
1.2	0.621559	2.14998e-06	
1.2025	0.622151	-1.83758e-06	
1.205	0.622687	1.12064e-06	
1.2075	0.623257	9.97046e-07	
1.21	0.623809	-5.22298e-07	
1.2125	0.624355	-2.1054e-07	
1.215	0.624896	-1.52249e-07	
1.2175	0.625432	-2.10762e-07	
1.22	0.625962	-2.43828e-07	
1.2225	0.626487	-2.65636e-07	
1.225	0.627007	-2.90393e-07	
1.2275	0.627522	-3.15607e-07	
1.23	0.628031	-3.38995e-07	
1.2325	0.628535	-3.59848e-07	
1.235	0.629033	-3.78381e-07	
1.2375	0.629527	-3.94654e-07	
1.24	0.630014	-4.08876e-07	
1.2425	0.630497	-4.21277e-07	
1.245	0.630974	-4.32155e-07	
1.2475	0.631446	-4.4181e-07	
1.25	0.631913	-4.50528e-07	
1.2525	0.632388	-2.93154e-06	
1.255	0.632755	9.04639e-06	
1.2575	0.633381	-9.97835e-06	
1.26	0.63363	3.58272e-06	
1.2625	0.634279	-7.7616e-06	
1.265	0.634495	5.27698e-06	
1.2675	0.635181	-1.69515e-05	
1.27	0.635321	7.80841e-06	
1.2725	0.636002	-8.85174e-06	
1.275	0.636149	9.87625e-06	
1.2775	0.636827	-1.18928e-05	
1.28	0.636963	9.09848e-06	
1.2825	0.637626	-1.06994e-05	
1.285	0.637749	8.48921e-06	
1.2875	0.638413	-1.05549e-05	
1.29	0.63852	8.42479e-06	
1.2925	0.638843	-1.68129e-05	
1.295	0.639486	1.71402e-05	
1.2975	0.639801	4.5466e-06	
1.3	0.640294	-7.65057e-07	
1.3025	0.640403	1.2269e-05	
1.305	0.640934	5.72382e-06	
1.3075	0.641105	1.1674e-05	
1.31	0.641399	-3.28252e-05	
1.3125	0.642117	-4.00855e-05	
1.315	0.642076	2.76517e-05	
1.3175	0.642522	1.84218e-05	
1.32	0.642756	2.40708e-05	
1.3225	0.643052	-3.32307e-05	
1.325	0.643635	-5.32828e-05	
1.3275	0.643637	3.81347e-05	
1.33	0.643959	2.6998e-05	
1.3325	0.644339	1.03873e-05	
1.335	0.64464	-2.84123e-06	
1.3375	0.644927	2.09156e-07	
1.34	0.645212	4.2588e-06	
1.3425	0.645492	6.63854e-06	
1.345	0.645776	5.98225e-06	
1.3475	0.645917	-4.30372e-05	
1.35	0.64625	4.71851e-06	
1.3525	0.64656	-5.62854e-06	
1.355	0.646872	1.80895e-05	
1.3575	0.646983	1.20659e-05	
1.36	0.647234	1.84437e-05	
1.3625	0.647433	-3.49101e-05	
1.365	0.647911	-5.14644e-05	
1.3675	0.647793	3.63003e-05	
1.37	0.648072	2.11924e-05	
1.3725	0.648372	9.95426e-06	
1.375	0.648595	-1.59279e-06	
1.3775	0.648801	1.12484e-06	
1.38	0.649004	5.47397e-06	
1.3825	0.649206	7.96418e-06	
1.385	0.649411	7.39163e-06	
1.3875	0.649467	-4.41886e-05	
1.39	0.649694	4.49429e-06	
1.3925	0.650123	-4.48314e-05	
1.395	0.650038	2.93059e-05	
1.3975	0.650309	1.84398e-05	
1.4	0.650356	1.4059e-05	
1.4025	0.650564	2.5581e-05	
1.405	0.65065	-3.33847e-05	
1.4075	0.650807	2.51526e-05	
1.41	0.651288	-4.9058e-05	
1.4125	0.651147	-8.93876e-06	
1.415	0.651227	3.30301e-05	
1.4175	0.651447	2.29479e-05	
1.42	0.651538	-3.602e-05	
1.4225	0.651779	-2.27483e-05	
1.425	0.651738	2.44632e-05	
1.4275	0.65186	1.28414e-05	
1.43	0.652038	1.43482e-05	
1.4325	0.652174	7.49402e-07	
1.435	0.652238	-2.96877e-05	
1.4375	0.652453	-1.68731e-05	
1.44	0.652339	2.35286e-05	
1.4425	0.652461	1.29297e-05	
1.445	0.652622	1.4939e-05	
1.4475	0.652696	-3.46766e-05	
1.45	0.652869	-8.72701e-06	
1.4525	0.652743	1.26956e-05	
1.455	0.652863	1.10401e-05	
1.4575	0.652987	1.44006e-05	
1.46	0.65305	-3.54755e-05	
1.4625	0.653137	1.46473e-05	
1.465	0.653082	-9.65184e-07	
1.4675	0.653149	2.53567e-06	
1.47	0.653243	1.85184e-05	
1.4725	0.653298	8.32971e-06	
1.475	0.65334	4.50853e-06	
1.4775	0.65326	-3.71565e-05	
1.48	0.653308	1.23159e-05	
1.4825	0.653588	-5.86505e-05	
1.485	0.653391	2.24162e-05	
1.4875	0.653429	2.83285e-05	
1.49	0.653415	2.09988e-05	
1.4925	0.653388	1.67667e-05	
1.495	0.653617	-8.27769e-05	
1.4975	0.653457	-1.49861e-05	
1.5	0.653394	3.92247e-05	
1.5025	0.653432	4.0025e-05	
1.505	0.653478	1.66019e-05	
1.5075	0.653482	-9.79927e-07	
1.51	0.653381	-3.72814e-05	
1.5125	0.653366	1.59472e-05	
1.515	0.653518	-5.41992e-05	
1.5175	0.653311	4.63327e-05	
1.52	0.653351	2.20899e-05	
1.5225	0.65335	8.77081e-06	
1.525	0.653237	-6.5193e-06	
1.5275	0.653239	-7.37915e-05	
1.53	0.653196	1.06359e-05	
1.5325	0.653157	2.90683e-05	
1.535	0.653124	1.1952e-05	
1.5375	0.653076	4.8651e-06	
1.54	0.653024	4.97862e-06	
1.5425	0.652969	8.45835e-06	
1.545	0.652838	-2.76479e-05	
1.5475	0.65283	2.98761e-06	
1.55	0.652765	-5.37263e-06	
1.5525	0.652708	1.30364e-05	
1.555	0.652646	1.00047e-05	
1.5575	0.652557	6.92288e-06	
1.56	0.652376	-4.86435e-05	
1.5625	0.652407	4.29568e-06	
1.565	0.65235	1.42687e-05	
1.5675	0.652254	2.08725e-05	
1.57	0.652142	1.13839e-05	
1.5725	0.652023	-1.73657e-05	
1.575	0.651828	-2.60222e-05	
1.5775	0.65188	6.66671e-06	
1.58	0.651787	9.8584e-06	
1.5825	0.651684	3.79309e-06	
1.585	0.651562	6.46103e-06	
1.5875	0.651445	7.54417e-06	
1.59	0.651295	-1.55487e-05	
1.5925	0.651085	-1.26503e-05	
1.595	0.651214	1.3026e-05	
1.5975	0.650977	-2.76817e-06	
1.6	0.650875	1.90984e-06	
1.6025	0.650757	1.38648e-05	
1.605	0.650601	-6.23093e-06	
1.6075	0.650389	-3.43454e-06	
1.61	0.650383	3.9459e-06	
1.6125	0.65027	-1.5119e-06	
1.615	0.650085	8.04218e-06	
1.6175	0.649844	-6.12657e-06	
1.62	0.649922	-1.11898e-06	
1.6225	0.649662	1.11367e-05	
1.625	0.649566	-2.00126e-06	
1.6275	0.649387	3.49475e-06	
1.63	0.64921	8.63794e-06	
1.6325	0.649006	-1.86563e-05	
1.635	0.648962	4.91276e-06	
1.6375	0.648689	-1.04945e-05	
1.64	0.648661	3.34752e-05	
1.6425	0.648526	-2.76255e-06	
1.645	0.648314	-1.02578e-05	
1.6475	0.648139	-1.72953e-05	
1.65	0.647766	1.39478e-05	
1.6525	0.647853	1.12752e-06	
1.655	0.647727	-7.41974e-06	
1.6575	0.647522	-5.49582e-06	
1.66	0.647301	7.43921e-06	
1.6625	0.647096	-1.82587e-06	
1.665	0.646768	-1.27127e-05	
1.6675	0.646884	1.35924e-05	
1.67	0.646688	-6.00627e-06	
1.6725	0.646414	-3.65344e-07	
1.675	0.646206	5.55033e-06	
1.6775	0.646037	1.23182e-05	
1.68	0.645822	-1.26476e-05	
1.6825	0.645468	-1.35937e-05	
1.685	0.645654	5.47383e-06	
1.6875	0.645265	-1.14382e-05	
1.69	0.645135	-3.5145e-06	
1.6925	0.644938	1.40464e-05	
1.695	0.644696	1.47495e-05	
1.6975	0.644505	5.77768e-07	
1.7	0.644104	-9.4933e-06	
1.7025	0.644222	1.08426e-05	
1.705	0.644108	-6.5095e-06	
1.7075	0.643654	-4.08559e-06	
1.71	0.64355	-6.05025e-06	
1.7125	0.643197	2.50197e-05	
1.715	0.643137	1.23701e-05	
1.7175	0.642804	-1.93347e-05	
1.72	0.642718	1.23038e-05	
1.7225	0.642268	-1.80802e-05	
1.725	0.642277	3.9668e-07	
1.7275	0.642033	5.04663e-06	
1.73	0.641905	1.64143e-06	
1.7325	0.641576	1.52495e-05	
1.735	0.641499	9.57248e-07	
1.7375	0.641113	-1.3649e-05	
1.74	0.640984	1.08925e-05	
1.7425	0.640328	-3.73273e-05	
1.745	0.640563	1.38355e-06	
1.7475	0.640467	1.45364e-05	
1.75	0.640109	4.4917e-06	
1.7525	0.639841	6.17583e-06	
1.755	0.639594	1.03173e-05	
1.7575	0.639186	-2.16801e-05	
1.76	0.639267	1.53721e-05	
1.7625	0.639143	-5.04382e-06	
1.765	0.638605	-7.68756e-06	
1.7675	0.638518	-1.23684e-05	
1.77	0.638138	2.55101e-05	
1.7725	0.638065	1.42616e-05	
1.775	0.637687	-8.38368e-06	
1.7775	0.637538	1.12644e-05	
1.78	0.636939	-5.00886e-05	
1.7825	0.637152	5.99803e-06	
1.785	0.63698	9.27592e-06	
1.7875	0.636618	9.72741e-06	
1.79	0.636286	1.11981e-05	
1.7925	0.636122	1.3145e-05	
1.795	0.635844	-1.4957e-06	
1.7975	0.635543	-1.29579e-05	
1.8	0.635373	-7.22407e-06	
1.8025	0.635288	-1.68631e-05	
1.805	0.634866	8.87761e-07	
1.8075	0.634623	5.84551e-06	
1.81	0.634468	1.00032e-05	
1.8125	0.634086	1.58661e-05	
1.815	0.634018	4.69599e-06	
1.8175	0.633626	2.84518e-07	
1.82	0.633342	3.45294e-06	
1.8225	0.63307	-3.06413e-05	
1.825	0.632984	-1.53057e-05	
1.8275	0.632535	3.22908e-05	
1.83	0.63252	1.6464e-05	
1.8325	0.632337	6.53056e-07	
1.835	0.631843	-7.96323e-06	
1.8375	0.631782	-1.15452e-05	
1.84	0.631434	-2.7899e-06	
1.8425	0.631128	2.69346e-05	
1.845	0.630693	-4.6006e-05	
1.8475	0.630701	-3.69065e-05	
1.85	0.630495	5.07582e-05	
1.8525	0.630102	-2.98728e-06	
1.855	0.630051	-1.49614e-06	
1.8575	0.629692	2.30701e-05	
1.86	0.629094	1.27932e-05	
1.8625	0.629389	2.32864e-05	
1.865	0.628975	1.08683e-05	
1.8675	0.628603	-4.99218e-05	
1.87	0.628416	-5.57652e-07	
1.8725	0.62806	1.88948e-05	
1.875	0.627776	-2.54524e-05	
1.8775	0.627702	-6.24943e-05	
1.88	0.627302	5.99372e-05	
1.8825	0.627146	1.14545e-06	
1.885	0.626924	-3.78916e-06	
1.8875	0.626681	-8.79545e-06	
1.89	0.626286	1.89786e-06	
1.8925	0.626176	-4.07922e-06	
1.895	0.625715	2.10231e-05	
1.8975	0.625646	8.63234e-06	
1.9	0.625148	2.26829e-05	
1.9025	0.625103	6.24561e-06	
1.905	0.624765	-1.13372e-05	
1.9075	0.62455	1.33324e-05	
1.91	0.623984	-5.41534e-05	
1.9125	0.62428	6.46537e-05	
1.915	0.623659	-4.12614e-05	
1.9175	0.623539	-1.77455e-05	
1.92	0.623321	8.24374e-06	
1.9225	0.622802	2.98779e-05	
1.925	0.622784	1.78817e-05	
1.9275	0.622452	-7.78145e-06	
1.93	0.622098	-5.36771e-05	
1.9325	0.622052	3.44801e-05	
1.935	0.621754	1.79213e-05	
1.9375	0.621036	-2.82886e-05	
1.94	0.621325	-2.03565e-05	
1.9425	0.620788	3.84175e-05	
1.945	0.620755	2.80531e-08	
1.9475	0.620329	-3.01216e-05	
1.95	0.62027	-2.46652e-05	
1.9525	0.619837	2.96319e-05	
1.955	0.619757	1.51614e-05	
1.9575	0.61922	8.04061e-06	
1.96	0.619169	-2.19645e-06	
1.9625	0.618842	9.42727e-06	
1.965	0.618279	-9.22252e-06	
1.9675	0.618432	2.27727e-06	
1.97	0.61807	-2.95326e-05	
1.9725	0.617858	-7.09084e-06	
1.975	0.617589	4.23359e-06	
1.9775	0.61727	1.35249e-05	
1.98	0.617057	1.19636e-05	
1.9825	0.616687	1.55119e-05	
1.985	0.616611	5.971e-06	
1.9875	0.616209	1.05562e-06	
1.99	0.615939	1.41496e-05	
1.9925	0.615476	-5.47499e-05	
1.995	0.615738	8.04297e-05	
1.9975	0.615065	-6.10625e-05	
2	0.615028	-5.97785e-05	
2.0025	0.614767	3.24548e-05	
2.005	0.614301	5.17754e-05	
2.0075	0.614268	3.36771e-05	
2.01	0.613851	-4.79419e-05	
2.0125	0.613678	-3.62005e-05	
2.015	0.613598	5.06373e-05	
2.0175	0.613033	1.55016e-05	
2.02	0.612953	1.3427e-05	
2.0225	0.612515	-6.09507e-05	
2.025	0.612494	-1.03233e-05	
2.0275	0.612262	1.44886e-05	
2.03	0.611945	1.62853e-05	
2.0325	0.611502	1.08391e-05	
2.035	0.611465	4.23548e-08	
2.0375	0.611168	4.78511e-06	
2.04	0.610801	-3.48441e-05	
2.0425	0.610671	6.09336e-05	
2.045	0.610239	-4.4199e-05	
2.0475	0.61006	-6.74949e-05	
2.05	0.609975	5.28491e-05	
2.0525	0.609552	-3.77286e-06	
2.055	0.609503	-8.64933e-06	
2.0575	0.609088	1.43231e-05	
2.06	0.609001	4.79781e-06	
2.0625	0.608513	1.25761e-05	
2.065	0.608461	2.20475e-06	
2.0675	0.608019	1.49805e-05	
2.07	0.607974	4.01037e-06	
2.0725	0.607608	-4.60653e-06	
2.075	0.607267	2.1611e-05	
2.0775	0.607104	-3.0375e-05	
2.08	0.606848	-4.71585e-06	
2.0825	0.606741	-6.24673e-06	
2.085	0.606418	9.70635e-06	
2.0875	0.606021	1.15041e-05	
2.09	0.60598	9.84404e-06	
2.0925	0.605676	-4.92599e-06	
2.095	0.60532	-4.83127e-05	
2.0975	0.605026	6.56842e-05	
2.1	0.605001	1.9908e-05	
2.1025	0.604692	-3.20614e-05	
2.105	0.60432	5.28654e-07	
2.1075	0.604272	2.09693e-06	
2.11	0.604052	-9.8704e-07	
2.1125	0.603408	1.74264e-05	
2.115	0.603592	-7.65321e-05	
2.1175	0.603353	3.77466e-05	
2.12	0.602631	7.93227e-06	
2.1225	0.602808	2.01779e-05	
2.125	0.602532	-2.30412e-05	
2.1275	0.602391	-6.15929e-06	
2.13	0.601985	7.31184e-06	
2.1325	0.601516	3.61018e-05	
2.135	0.601626	8.34993e-06	
2.1375	0.601307	-2.14067e-05	
2.14	0.601101	1.38838e-05	
2.1425	0.600836	-7.96665e-06	
2.145	0.600389	-3.06701e-05	
2.1475	0.60038	-2.29667e-05	
2.15	0.600198	2.60079e-05	
2.1525	0.599773	1.29949e-05	
2.155	0.59971	1.98116e-05	
2.1575	0.599372	6.66734e-06	
2.16	0.598946	-5.99766e-05	
2.1625	0.598998	-1.37835e-05	
2.165	0.598776	2.73906e-05	
2.1675	0.598485	-3.83054e-06	
2.17	0.597937	3.66944e-05	
2.1725	0.598041	1.78825e-05	
2.175	0.597986	5.48205e-07	
2.1775	0.597522	-2.09473e-05	
2.18	0.59745	-2.89585e-05	
2.1825	0.596677	3.85227e-05	
2.185	0.596687	2.22001e-05	
2.1875	0.596818	-9.67341e-05	
2.19	0.596394	3.34828e-05	
2.1925	0.596136	5.56071e-05	
2.195	0.59563	-6.5575e-05	
2.1975	0.595665	-4.3262e-05	
2.2	0.595617	3.80411e-05	
2.2025	0.595193	4.70761e-05	
2.205	0.595104	3.38581e-05	
2.2075	0.594801	-4.7685e-07	
2.21	0.594299	-7.84766e-05	
2.2125	0.594473	0.000184301	
2.215	0.594137	-1.00057e-05	
2.2175	0.593754	-0.000116108	
2.22	0.59366	-6.42337e-05	
2.2225	0.59336	4.59874e-05	
2.225	0.593313	3.32826e-05	
2.2275	0.592931	3.72275e-07	
2.23	0.592508	-2.96444e-05	
2.2325	0.592656	3.35329e-05	
2.235	0.592182	-3.14907e-05	
2.2375	0.592126	1.65579e-05	
2.24	0.591889	1.39185e-05	
2.2425	0.591256	-6.58119e-05	
2.245	0.591767	5.06012e-05	
2.2475	0.59111	-3.0801e-05	
2.25	0.591059	-3.77233e-05	
2.2525	0.590748	1.74468e-05	
2.255	0.59068	7.58686e-06	
2.2575	0.590066	3.09747e-05	
2.26	0.590047	1.58667e-05	
2.2625	0.589984	6.96044e-06	
2.265	0.589894	-1.63633e-06	
2.2675	0.589135	-1.04165e-05	
2.27	0.589187	2.82736e-05	
2.2725	0.589039	-3.70913e-05	
2.275	0.588685	2.97476e-05	
2.2775	0.588676	9.38127e-06	
2.28	0.588477	-9.81221e-06	
2.2825	0.587925	-2.97004e-06	
2.285	0.588078	7.27455e-06	
2.2875	0.587752	-4.22815e-06	
2.29	0.587668	1.28451e-05	
2.2925	0.586883	-5.8715e-05	
2.295	0.587353	5.18503e-05	
2.2975	0.586693	-4.54608e-05	
2.3	0.586783	1.59825e-05	
2.3025	0.586562	-2.53672e-06	
2.305	0.586294	1.69471e-05	
2.3075	0.586083	4.45322e-08	
2.31	0.585487	-2.26246e-05	
2.3125	0.585506	-2.57022e-05	
2.315	0.585583	1.38904e-05	
2.3175	0.58551	6.53559e-06	
2.32	0.584868	3.64143e-05	
2.3225	0.584808	1.01312e-05	
2.325	0.584746	1.2454e-06	
2.3275	0.584237	-6.19123e-06	
2.33	0.58399	-3.93948e-05	
2.3325	0.583863	-0.000171459	
2.335	0.583912	0.000241239	
2.3375	0.583539	-5.26807e-05	
2.34	0.583399	-2.47825e-05	
2.3425	0.583227	-1.2497e-06	
2.345	0.582925	1.10512e-05	
2.3475	0.582867	1.22291e-06	
2.35	0.582533	1.90929e-05	
2.3525	0.582466	4.21088e-06	
2.355	0.581923	3.92623e-06	
2.3575	0.581895	-5.77102e-07	
2.36	0.581813	1.62951e-05	
2.3625	0.581502	-2.08866e-05	
2.365	0.581348	2.20593e-05	
2.3675	0.581094	2.22119e-05	
2.37	0.580985	-3.18126e-06	
2.3725	0.58054	-4.06222e-05	
2.375	0.580559	-2.28712e-05	
2.3775	0.580503	-2.32737e-05	
2.38	0.580087	5.24709e-05	
2.3825	0.580035	3.16822e-05	
2.385	0.579949	1.56212e-05	
2.3875	0.57906	-3.98316e-05	
2.39	0.579757	6.30782e-05	
2.3925	0.579033	-4.11277e-05	
2.395	0.578941	-1.89257e-06	
2.3975	0.578699	4.38349e-05	
2.4	0.578531	-0.000126522	
2.4025	0.578408	8.15595e-06	
2.405	0.578158	5.24431e-05	
2.4075	0.57809	3.16041e-05	
2.41	0.577838	-3.74605e-07	
2.4125	0.577384	-1.77798e-05	
2.415	0.577465	4.94655e-06	
2.4175	0.577422	-5.5799e-06	
2.42	0.577064	1.58764e-05	
2.4225	0.576934	-2.18906e-06	
2.425	0.576536	8.53572e-05	
2.4275	0.576379	-9.21271e-05	
2.43	0.576194	2.7402e-05	
2.4325	0.576191	3.95432e-05	
2.435	0.575601	-0.000171773	
2.4375	0.575787	-1.47693e-05	
2.44	0.575612	0.000106675	
2.4425	0.575509	6.47851e-05	
2.445	0.575191	-1.12885e-05	
2.4475	0.574812	-5.7688e-05	
2.45	0.574774	-5.60877e-05	
2.4525	0.574642	2.06e-05	
2.455	0.574385	3.77488e-05	
2.4575	0.574286	3.6321e-05	
2.46	0.574219	2.20201e-05	
2.4625	0.573439	-9.84098e-05	
2.465	0.573605	-2.22743e-05	
2.4675	0.573557	6.38745e-05	
2.47	0.573344	2.13892e-05	
2.4725	0.573152	8.28134e-07	
2.475	0.572936	-3.7286e-06	
2.4775	0.572747	1.91436e-06	
2.48	0.572593	1.03954e-06	
2.4825	0.572322	-1.02471e-05	
2.485	0.572228	0.000101474	
2.4875	0.571717	-0.000183926	
2.49	0.571842	-4.40534e-05	
2.4925	0.571716	6.09178e-05	
2.495	0.571387	4.95663e-05	
2.4975	0.571358	3.4302e-05	
2.5	0.571231	1.31443e-05	
2.5025	0.570887	-2.99758e-05	
2.505	0.570832	-3.62138e-05	
2.5075	0.570566	1.39123e-05	
2.51	0.570346	1.33654e-05	
2.5125	0.570242	1.74036e-05	
2.515	0.569985	1.81577e-05	
2.5175	0.569938	3.48048e-06	
2.52	0.569638	0.000156911	
2.5225	0.569278	-0.000152965	
2.525	0.569411	1.00945e-05	
2.5275	0.569206	-1.28226e-05	
2.53	0.568877	-1.71553e-05	
2.5325	0.568835	-8.86125e-06	
2.535	0.568656	1.39421e-05	
2.5375	0.568598	1.45193e-07	
2.54	0.568029	2.22486e-05	
2.5425	0.568015	8.03705e-06	
2.545	0.567991	-5.30725e-07	
2.5475	0.567802	-6.01549e-05	
2.55	0.567331	-8.65213e-05	
2.5525	0.567466	5.76026e-05	
2.555	0.567258	5.06793e-05	
2.5575	0.566973	-2.61914e-05	
2.56	0.566937	-7.18637e-06	
2.5625	0.566787	1.49427e-05	
2.565	0.566534	1.47968e-05	
2.5675	0.566474	3.97644e-06	
2.57	0.566154	1.60125e-05	
2.5725	0.566095	3.22628e-07	
2.575	0.565593	1.60545e-05	
2.5775	0.565593	4.52205e-06	
2.58	0.565624	1.51273e-05	
2.5825	0.565565	-9.83045e-07	
2.585	0.564961	2.06593e-05	
2.5875	0.564891	-3.12095e-05	
2.59	0.564835	-4.55129e-05	
2.5925	0.564622	2.77924e-05	
2.595	0.564555	7.81193e-06	
2.5975	0.564367	-9.23604e-06	
2.6	0.564224	-7.10938e-06	
2.6025	0.563906	1.16509e-05	
2.605	0.563864	-2.29488e-07	
2.6075	0.563536	-3.22008e-05	
2.61	0.563352	1.32141e-05	
2.6125	0.563457	-1.78084e-05	
2.615	0.563114	-1.27373e-05	
2.6175	0.56296	4.74802e-05	
2.62	0.562749	-9.88105e-05	
2.6225	0.562697	2.57693e-05	
2.625	0.562571	0.0001164	
2.6275	0.562265	-2.75236e-05	
2.63	0.56213	-2.43795e-05	
2.6325	0.562027	-9.40321e-06	
2.635	0.561919	2.37441e-05	
2.6375	0.561549	-5.06373e-05	
2.64	0.561487	0.000122069	
2.6425	0.561312	-0.000142709	
2.645	0.561184	8.58434e-05	
2.6475	0.561019	-1.65229e-05	
2.65	0.560864	1.69448e-06	
2.6525	0.560727	-1.51165e-05	
2.655	0.560319	2.83204e-05	
2.6575	0.560504	-1.34376e-05	
2.66	0.560133	-8.24476e-06	
2.6625	0.560086	-1.70452e-06	
2.665	0.559948	8.86569e-06	
2.6675	0.559867	-2.74571e-06	
2.67	0.55918	2.31099e-05	
2.6725	0.559645	1.63522e-05	
2.675	0.55918	-2.02307e-05	
2.6775	0.559084	7.05293e-06	
2.68	0.558768	1.57959e-05	
2.6825	0.558651	-2.01493e-05	
2.685	0.558655	-2.29043e-05	
2.6875	0.558499	-2.40086e-05	
2.69	0.558105	4.77236e-05	
2.6925	0.558361	-7.50187e-05	
2.695	0.557921	2.19336e-05	
2.6975	0.557796	1.7705e-05	
2.7	0.557646	2.86082e-05	
2.7025	0.557347	5.88957e-06	
2.705	0.557333	2.9989e-06	
2.7075	0.55729	-4.83478e-06	
2.71	0.556888	1.38039e-05	
2.7125	0.556697	-8.68951e-05	
2.715	0.556667	-4.31856e-05	
2.7175	0.556672	0.000168835	
2.72	0.556326	-9.43072e-05	
2.7225	0.556284	-7.14689e-05	
2.725	0.5561	5.94818e-05	
2.7275	0.556048	4.62627e-05	
2.73	0.555671	1.73015e-05	
2.7325	0.555634	6.79964e-06	
2.735	0.555471	6.03163e-06	
2.7375	0.555412	-6.23192e-06	
2.74	0.55491	3.14383e-05	
2.7425	0.554979	-4.1914e-05	
2.745	0.554663	-1.86182e-05	
2.7475	0.554688	-8.83859e-06	
2.75	0.554583	3.84308e-05	
2.7525	0.554458	9.45719e-06	
2.755	0.554188	-2.50192e-05	
2.7575	0.554046	-2.91241e-05	
2.76	0.553981	-1.76538e-05	
2.7625	0.553726	5.36815e-05	
2.765	0.553475	-3.72371e-05	
2.7675	0.553552	3.93141e-05	
2.77	0.553362	1.22121e-05	
2.7725	0.553303	1.98919e-09	
2.775	0.552971	1.85635e-06	
2.7775	0.552909	-1.32468e-05	
2.78	0.552342	3.11488e-05	
2.7825	0.552451	-0.000183116	
2.785	0.55254	0.000161011	
2.7875	0.552227	-1.84456e-05	
2.79	0.552176	-1.9214e-05	
2.7925	0.551745	3.83377e-05	
2.795	0.551824	1.77213e-05	
2.7975	0.551765	-1.40991e-05	
2.8	0.551606	-1.40295e-05	
2.8025	0.551276	4.02706e-06	
2.805	0.551234	-5.78938e-06	
2.8075	0.551093	0.000131558	
2.81	0.550705	-9.78735e-05	
2.8125	0.550698	-7.56421e-05	
2.815	0.55071	0.000115829	
2.8175	0.550401	-9.37707e-05	
2.82	0.550364	2.25967e-05	
2.8225	0.550226	1.15309e-05	
2.825	0.550014	-1.36977e-06	
2.8275	0.549957	-1.10769e-05	
2.83	0.549645	1.66571e-05	
2.8325	0.54961	4.1615e-06	
2.835	0.549226	-0.000107483	
2.8375	0.549331	5.1197e-05	
2.84	0.549134	3.76449e-05	
2.8425	0.549064	1.81344e-05	
2.845	0.54888	2.48663e-06	
2.8475	0.548564	-8.96767e-06	
2.85	0.54855	-1.41338e-05	
2.8525	0.548511	1.15279e-05	
2.855	0.548286	1.72245e-05	
2.8575	0.548239	6.47031e-06	
2.86	0.547848	2.57934e-05	
2.8625	0.547821	-4.93522e-05	
2.865	0.547518	1.01422e-05	
2.8675	0.54765	3.83485e-05	
2.87	0.54736	-6.83915e-05	
2.8725	0.547313	0.000109744	
2.875	0.547098	-0.000116869	
2.8775	0.546988	9.15909e-05	
2.88	0.546898	2.07195e-05	
2.8825	0.546842	3.11433e-06	
2.885	0.546486	-3.48641e-05	
2.8875	0.546436	-4.69728e-05	
2.89	0.546024	-8.70779e-07	
2.8925	0.546035	-0.000120036	
2.895	0.546056	0.000115709	
2.8975	0.545826	-1.44903e-05	
2.9	0.545685	4.0484e-05	
2.9025	0.545608	-1.17395e-05	
2.905	0.545469	-1.37759e-05	
2.9075	0.54531	2.89656e-06	
2.91	0.545041	1.49534e-05	
2.9125	0.545014	7.15859e-06	
2.915	0.544916	1.18948e-05	
2.9175	0.544714	9.99287e-05	
2.92	0.54459	-4.90086e-05	
2.9225	0.544321	-4.49653e-06	
2.925	0.544307	-0.000121088	
2.9275	0.544086	-2.44746e-05	
2.93	0.543996	8.84306e-05	
2.9325	0.543878	-2.21297e-05	
2.935	0.543746	-2.84739e-05	
2.9375	0.543639	-1.10287e-05	
2.94	0.543397	9.04463e-06	
2.9425	0.543358	3.04365e-06	
2.945	0.543249	5.08906e-06	
2.9475	0.543048	3.29796e-07	
2.95	0.542994	-7.60171e-06	
2.9525	0.542802	5.16898e-06	
2.955	0.54261	8.68468e-06	
2.9575	0.542532	4.34522e-06	
2.96	0.542369	1.49383e-05	
2.9625	0.542316	3.77304e-06	
2.965	0.54202	1.41141e-05	
2.9675	0.541981	2.33078e-06	
2.97	0.541786	0.00011717	
2.9725	0.541524	-0.000107261	
2.975	0.541652	8.80641e-06	
2.9775	0.541462	-2.7801e-05	
2.98	0.541158	1.81392e-06	
2.9825	0.54119	1.98725e-06	
2.985	0.540925	8.40659e-06	
2.9875	0.541045	-1.31999e-05	
2.99	0.540659	1.28478e-05	
2.9925	0.540625	1.16817e-06	
2.995	0.540516	1.06768e-05	
2.9975	0.540459	-4.26432e-06	
3	0.54002	-5.57639e-07	
