1	0	391
2	1	486
3	1	398
4	1	367
5	1	353
6	1	343
7	1	340
8	1	340
9	1	339
10	0	335
11	0	336
12	0	333
13	0	282
14	0	278
15	0	278
16	0	272
17	0	275
18	0	268
19	0	274
20	0	267
21	0	249
22	0	268
23	0	272
24	0	242
25	0	237
26	0	268
27	0	242
28	0	268
29	0	239
30	0	262
31	0	231
32	0	238
33	0	229
34	0	261
35	0	232
36	0	259
37	0	117
38	0	233
39	0	97
40	0	237
41	0	103
42	0	227
43	0	95
44	0	113
45	0	205
46	0	97
47	0	111
48	0	203
49	0	100
50	0	115
51	0	203
52	0	100
53	0	57
54	0	233
55	0	71
56	0	96
57	0	71
58	0	230
59	0	70
60	0	95
61	0	53
62	0	115
63	0	184
64	0	99
65	0	55
66	0	91
67	0	187
68	0	95
69	0	71
70	0	175
71	0	97
72	0	55
73	0	113
74	0	222
75	0	95
76	0	55
77	0	94
78	0	47
79	0	53
80	0	225
81	0	53
82	0	56
83	0	92
84	0	46
85	0	50
86	0	162
87	0	111
88	0	97
89	0	97
90	0	185
91	0	94
92	0	47
93	0	50
94	0	95
95	0	47
96	0	50
97	0	165
98	0	105
99	0	50
100	0	54
101	0	96
102	0	46
103	0	50
104	0	202
105	0	92
106	0	47
107	0	50
108	0	94
109	0	43
110	0	49
111	0	162
112	0	97
113	0	47
114	0	51
115	0	94
116	0	46
117	0	51
118	0	172
119	0	94
120	0	54
121	0	56
122	0	95
123	0	44
124	0	49
125	0	55
126	0	163
127	0	100
128	0	50
129	0	95
130	0	46
131	0	53
132	0	56
133	0	170
134	0	75
135	0	38
136	0	47
137	0	53
138	0	93
139	0	43
140	0	172
141	0	94
142	0	44
143	0	52
144	0	54
145	0	95
146	0	74
147	0	161
148	0	54
149	0	46
150	0	73
151	0	40
152	0	94
153	0	39
154	0	51
155	0	121
156	0	55
157	0	47
158	0	61
159	0	40
160	0	95
161	0	40
162	0	55
163	0	118
164	0	97
165	0	72
166	0	43
167	0	98
168	0	78
169	0	181
170	0	44
171	0	111
172	0	94
173	0	40
174	0	55
175	0	153
176	0	98
177	0	43
178	0	98
179	0	47
180	0	163
181	0	98
182	0	47
183	0	47
184	0	44
185	0	73
186	0	43
187	0	180
188	0	75
189	0	43
190	0	72
191	0	39
192	0	94
193	0	39
194	0	163
195	0	96
196	0	40
197	0	43
198	0	95
199	0	42
200	0	162
201	0	46
202	0	54
203	0	44
204	0	74
205	0	41
206	0	97
207	0	85
208	0	168
209	0	73
210	0	47
211	0	54
212	0	93
213	0	40
214	0	41
215	0	46
216	0	177
217	0	77
218	0	47
219	0	98
220	0	74
221	0	40
222	0	47
223	0	101
224	0	206
225	0	96
226	0	69
227	0	40
228	0	44
229	0	94
230	0	41
231	0	44
232	0	150
233	0	97
234	0	98
235	0	72
236	0	40
237	0	43
238	0	95
239	0	41
240	0	168
241	0	74
242	0	72
243	0	46
244	0	47
245	0	92
246	0	40
247	0	41
248	0	146
249	0	96
250	0	47
251	0	75
252	0	44
253	0	74
254	0	43
255	0	78
256	0	78
257	0	148
258	0	97
259	0	119
260	0	72
261	0	41
262	0	41
263	0	95
264	0	41
265	0	47
266	0	159
267	0	168
268	0	74
269	0	73
270	0	47
271	0	100
272	0	78
273	0	75
274	0	131
275	0	96
276	0	78
277	0	72
278	0	43
279	0	47
280	0	92
281	0	41
282	0	43
283	0	188
284	0	97
285	0	73
286	0	76
287	0	72
288	0	43
289	0	43
290	0	92
291	0	43
292	0	46
293	0	148
294	0	96
295	0	47
296	0	169
297	0	97
298	0	186
299	0	97
300	0	41
301	0	40
302	0	40
303	0	42
304	0	43
305	0	85
306	0	42
307	0	43
308	0	168
309	0	97
310	0	187
311	0	98
312	0	43
313	0	161
314	0	78
315	0	75
316	0	146
317	0	95
318	0	47
319	0	208
320	0	46
321	0	191
322	0	92
323	0	184
324	0	42
325	0	80
326	0	46
327	0	47
328	0	47
329	0	80
330	0	41
331	0	46
332	0	158
333	0	93
334	0	43
335	0	40
336	0	40
337	0	40
338	0	40
339	0	43
340	0	80
341	0	40
342	0	43
343	0	190
344	0	95
345	0	101
346	0	76
347	0	76
348	0	39
349	0	42
350	0	40
351	0	42
352	0	92
353	0	99
354	0	100
355	0	76
356	0	47
357	0	46
358	0	45
359	0	100
360	0	78
361	0	76
362	0	43
363	0	78
364	0	73
365	0	43
366	0	42
367	0	40
368	0	43
369	0	193
370	0	117
371	0	186
372	0	97
373	0	70
374	0	47
375	0	190
376	0	45
377	0	191
378	0	112
379	0	75
380	0	46
381	0	181
382	0	43
383	0	194
384	0	96
385	0	182
386	0	40
387	0	82
388	0	75
389	0	44
390	0	40
391	0	39
392	0	38
393	0	37
394	0	38
395	0	38
396	0	40
397	0	94
398	0	78
399	0	78
400	0	43
401	0	35
402	0	40
403	0	40
404	0	40
405	0	95
406	0	91
407	0	78
408	0	43
409	0	34
410	0	38
411	0	35
412	0	38
413	0	35
414	0	38
415	0	35
416	0	38
417	0	35
418	0	39
419	0	35
420	0	40
421	0	35
422	0	170
423	0	146
424	0	96
425	0	147
426	0	92
427	0	68
428	0	33
429	0	38
430	0	33
431	0	35
432	0	35
433	0	35
434	0	151
435	0	239
436	0	34
437	0	40
438	0	35
439	0	42
440	0	35
441	0	42
442	0	34
443	0	38
444	0	34
445	0	34
446	0	34
447	0	34
448	0	34
449	0	34
450	0	34
451	0	34
452	0	34
453	0	34
454	0	35
455	0	35
456	0	35
457	0	35
458	0	35
459	0	35
460	0	35
461	0	35
462	0	34
463	0	34
464	0	34
465	0	34
466	0	34
467	0	34
468	0	34
469	0	34
470	0	34
471	0	33
472	0	34
473	0	33
474	0	33
475	0	33
476	0	33
477	0	33
478	0	33
479	0	33
480	0	32
481	0	33
482	0	32
483	0	32
484	0	32
485	0	32
486	0	32
487	0	32
488	0	32
489	0	32
490	0	32
491	0	32
492	0	32
493	0	32
494	0	32
495	0	32
496	0	32
497	0	32
498	0	32
499	0	32
500	0	32
501	0	33
502	0	27
503	0	34
504	0	25
505	0	35
506	0	25
507	0	38
508	0	25
509	0	38
510	0	25
511	0	38
512	0	25
513	0	38
514	0	24
515	0	38
516	0	24
517	0	79
518	0	80
519	0	72
520	0	38
521	0	24
522	0	35
523	0	25
524	0	74
525	0	44
526	0	75
527	0	38
528	0	27
529	0	73
530	0	61
531	0	32
532	0	25
533	0	25
534	0	24
535	0	24
536	0	24
537	0	24
538	0	25
539	0	75
540	0	76
541	0	69
542	0	34
543	0	25
544	0	25
545	0	74
546	0	55
547	0	34
548	0	25
549	0	25
550	0	24
551	0	24
552	0	24
553	0	24
554	0	25
555	0	74
556	0	75
557	0	56
558	0	27
559	0	38
560	0	23
561	0	25
562	0	75
563	0	79
564	0	38
565	0	24
566	0	25
567	0	27
568	0	70
569	0	61
570	0	34
571	0	23
572	0	24
573	0	25
574	0	70
575	0	58
576	0	35
577	0	23
578	0	24
579	0	69
580	0	56
581	0	34
582	0	24
583	0	25
584	0	67
585	0	54
586	0	35
587	0	23
588	0	24
589	0	24
590	0	26
591	0	72
592	0	75
593	0	55
594	0	25
595	0	46
596	0	22
597	0	72
598	0	44
599	0	21
600	0	22
601	0	23
602	0	24
603	0	25
604	0	71
605	0	80
606	0	51
607	0	33
608	0	24
609	0	25
610	0	77
611	0	51
612	0	26
613	0	28
614	0	27
615	0	24
616	0	23
617	0	24
618	0	70
619	0	69
620	0	59
621	0	27
622	0	25
623	0	77
624	0	48
625	0	24
626	0	21
627	0	23
628	0	25
629	0	71
630	0	46
631	0	26
632	0	26
633	0	23
634	0	23
635	0	23
636	0	71
637	0	52
638	0	40
639	0	27
640	0	22
641	0	23
642	0	70
643	0	60
644	0	29
645	0	24
646	0	28
647	0	57
648	0	57
649	0	26
650	0	20
651	0	23
652	0	24
653	0	65
654	0	66
655	0	32
656	0	44
657	0	22
658	0	24
659	0	70
660	0	43
661	0	23
662	0	26
663	0	24
664	0	24
665	0	66
666	0	46
667	0	30
668	0	22
669	0	23
670	0	23
671	0	23
672	0	67
673	0	50
674	0	37
675	0	26
676	0	21
677	0	22
678	0	23
679	0	66
680	0	50
681	0	29
682	0	15
683	0	23
684	0	16
685	0	24
686	0	15
687	0	68
688	0	66
689	0	52
690	0	26
691	0	28
692	0	22
693	0	26
694	0	15
695	0	68
696	0	67
697	0	39
698	0	22
699	0	23
700	0	24
701	0	23
702	0	63
703	0	50
704	0	28
705	0	15
706	0	23
707	0	14
708	0	23
709	0	15
710	0	66
711	0	65
712	0	39
713	0	24
714	0	22
715	0	23
716	0	24
717	0	23
718	0	61
719	0	57
720	0	27
721	0	15
722	0	23
723	0	22
724	0	19
725	0	24
726	0	15
727	0	66
728	0	60
729	0	28
730	0	22
731	0	37
732	0	15
733	0	20
734	0	24
735	0	15
736	0	65
737	0	62
738	0	30
739	0	15
740	0	28
741	0	28
742	0	16
743	0	24
744	0	31
745	0	23
746	0	59
747	0	22
748	0	69
749	0	51
750	0	41
751	0	78
752	0	28
753	0	23
754	0	20
755	0	18
756	0	20
757	0	14
758	0	22
759	0	12
760	0	24
761	0	13
762	0	64
763	0	65
764	0	39
765	0	37
766	0	24
767	0	20
768	0	19
769	0	23
770	0	14
771	0	62
772	0	23
773	0	62
774	0	64
775	0	34
776	0	64
777	0	39
778	0	24
779	0	26
780	0	16
781	0	24
782	0	15
783	0	24
784	0	14
785	0	64
786	0	51
787	0	25
788	0	23
789	0	20
790	0	20
791	0	20
792	0	19
793	0	22
794	0	15
795	0	65
796	0	63
797	0	38
798	0	39
799	0	25
800	0	13
801	0	21
802	0	23
803	0	11
804	0	63
805	0	21
806	0	63
807	0	51
808	0	70
809	0	37
810	0	21
811	0	20
812	0	20
813	0	22
814	0	11
815	0	65
816	0	20
817	0	59
818	0	28
819	0	60
820	0	58
821	0	29
822	0	15
823	0	24
824	0	16
825	0	24
826	0	14
827	0	25
828	0	15
829	0	65
830	0	58
831	0	58
832	0	28
833	0	20
834	0	20
835	0	23
836	0	15
837	0	65
838	0	79
839	0	33
840	0	19
841	0	24
842	0	25
843	0	19
844	0	19
845	0	25
846	0	57
847	0	64
848	0	44
849	0	22
850	0	25
851	0	18
852	0	21
853	0	25
854	0	20
855	0	61
856	0	64
857	0	51
858	0	31
859	0	14
860	0	20
861	0	21
862	0	16
863	0	61
864	0	26
865	0	73
866	0	63
867	0	68
868	0	35
869	0	21
870	0	11
871	0	21
872	0	10
873	0	25
874	0	11
875	0	58
876	0	69
877	0	57
878	0	30
879	0	14
880	0	19
881	0	21
882	0	17
883	0	61
884	0	81
885	0	39
886	0	20
887	0	21
888	0	17
889	0	22
890	0	10
891	0	68
892	0	97
893	0	32
894	0	26
895	0	24
896	0	60
897	0	39
898	0	31
899	0	23
900	0	11
901	0	20
902	0	10
903	0	24
904	0	10
905	0	17
906	0	11
907	0	189
908	0	185
909	0	24
910	0	32
911	0	17
912	0	19
913	0	25
914	0	21
915	0	60
916	0	70
917	0	34
918	0	26
919	0	25
920	0	19
921	0	65
922	0	66
923	0	62
924	0	30
925	0	11
926	0	17
927	0	11
928	0	24
929	0	19
930	0	9
931	0	69
932	0	79
933	0	73
934	0	32
935	0	25
936	0	20
937	0	17
938	0	20
939	0	9
940	0	19
941	0	9
942	0	21
943	0	10
944	0	16
945	0	65
946	0	68
947	0	53
948	0	59
949	0	28
950	0	17
951	0	11
952	0	24
953	0	11
954	0	11
955	0	31
956	0	25
957	0	21
958	0	19
959	0	166
960	0	221
961	0	21
962	0	25
963	0	16
964	0	19
965	0	24
966	0	17
967	0	9
968	0	21
969	0	61
970	0	102
971	0	25
972	0	59
973	0	64
974	0	31
975	0	20
976	0	26
977	0	15
978	0	18
979	0	20
980	0	11
981	0	19
982	0	19
983	0	15
984	0	9
985	0	193
986	0	183
987	0	25
988	0	21
989	0	19
990	0	19
991	0	19
992	0	17
993	0	67
994	0	103
995	0	37
996	0	63
997	0	57
998	0	27
999	0	12
1000	0	16
1001	0	18
1002	0	10
1003	0	19
1004	0	18
1005	0	15
1006	0	19
1007	0	9
1008	0	175
1009	0	188
1010	0	32
1011	0	20
1012	0	22
1013	0	15
1014	0	18
1015	0	9
1016	0	24
1017	0	9
1018	0	9
1019	0	67
1020	0	209
1021	0	187
1022	0	24
1023	0	32
1024	0	17
1025	0	18
1026	0	20
1027	0	11
1028	0	20
1029	0	10
1030	0	24
1031	0	11
1032	0	17
1033	0	9
1034	0	187
1035	0	192
1036	0	81
1037	0	32
1038	0	20
1039	0	19
1040	0	17
1041	0	21
1042	0	11
1043	0	189
1044	0	104
1045	0	32
1046	0	181
1047	0	97
1048	0	223
1049	0	21
1050	0	167
1051	0	83
1052	0	28
1053	0	21
1054	0	113
1055	0	81
1056	0	41
1057	0	35
1058	0	27
1059	0	24
1060	0	62
1061	0	71
1062	0	42
1063	0	28
1064	0	23
1065	0	17
1066	0	17
1067	0	11
1068	0	31
1069	0	25
1070	0	21
1071	0	17
1072	0	162
1073	0	202
1074	0	28
1075	0	75
1076	0	33
1077	0	38
1078	0	20
1079	0	17
1080	0	17
1081	0	24
1082	0	15
1083	0	9
1084	0	188
1085	0	206
1086	0	62
1087	0	42
1088	0	28
1089	0	14
1090	0	20
1091	0	10
1092	0	21
1093	0	9
1094	0	17
1095	0	9
1096	0	185
1097	0	226
1098	0	32
1099	0	69
1100	0	36
1101	0	19
1102	0	22
1103	0	69
1104	0	67
1105	0	53
1106	0	35
1107	0	25
1108	0	19
1109	0	9
1110	0	18
1111	0	9
1112	0	25
1113	0	172
1114	0	228
1115	0	26
1116	0	69
1117	0	34
1118	0	18
1119	0	18
1120	0	17
1121	0	20
1122	0	11
1123	0	178
1124	0	193
1125	0	69
1126	0	33
1127	0	26
1128	0	24
1129	0	19
1130	0	20
1131	0	11
1132	0	23
1133	0	9
1134	0	189
1135	0	182
1136	0	28
1137	0	17
1138	0	19
1139	0	24
1140	0	11
1141	0	17
1142	0	19
1143	0	9
1144	0	181
1145	0	228
1146	0	37
1147	0	76
1148	0	30
1149	0	43
1150	0	31
1151	0	30
1152	0	17
1153	0	9
1154	0	20
1155	0	10
1156	0	154
1157	0	220
1158	0	27
1159	0	57
1160	0	37
1161	0	25
1162	0	19
1163	0	17
1164	0	22
1165	0	10
1166	0	17
1167	0	172
1168	0	114
1169	0	219
1170	0	102
1171	0	193
1172	0	32
1173	0	22
1174	0	20
1175	0	17
1176	0	22
1177	0	12
1178	0	16
1179	0	18
1180	0	10
1181	0	17
1182	0	17
1183	0	13
1184	0	17
1185	0	9
1186	0	20
1187	0	9
1188	0	167
1189	0	192
1190	0	36
1191	0	69
1192	0	26
1193	0	25
1194	0	51
1195	0	37
1196	0	27
1197	0	11
1198	0	20
1199	0	11
1200	0	156
