0.861862
0.613964
0.409314
0.246835
0.125682
0.045231
0.00505894
0.00505894
0.045231
0.125682
0.246835
0.409314
0.613964
0.861862
0.879857
0.493029
0.154344
0.154344
0.493029
0.879857
0.807582
0.317133
0.317133
0.807582
0.961432
0.354418
0.354418
0.961432
0.635949
0.635949
0.390437
0.390437
0.224493
0.224493
0.146469
0.146469
0.192115
0.192115
0.355583
0.355583
0.6984
0.6984
0.788874
0.788874
0.252269
0.252269
0.573729
0.573729
0.112823
0.112823
0.592029
0.592029
0.48166
0.48166
0.817798
0.817798
0.502436
0.502436
0.23243
0.23243
0.0283691
0.0283691
0.822861
0.822861
0.681137
0.681137
0.5804
0.5804
0.520129
0.520129
0.5
0.5
0.520129
0.520129
0.5804
0.5804
0.681137
0.681137
0.822861
0.822861
0.0283691
0.0283691
0.23243
0.23243
0.502436
0.502436
0.817798
0.817798
0.48166
0.48166
0.592029
0.592029
0.112823
0.112823
0.573729
0.573729
0.252269
0.252269
0.788874
0.788874
0.6984
0.6984
0.355583
0.355583
0.192115
0.192115
0.146469
0.146469
0.224493
0.224493
0.390437
0.390437
0.635949
0.635949
0.961432
0.354418
0.354418
0.961432
0.807582
0.317133
0.317133
0.807582
0.879857
0.493029
0.154344
0.154344
0.493029
0.879857
0.861862
0.613964
0.409314
0.246835
0.125682
0.045231
0.00505894
0.00505894
0.045231
0.125682
0.246835
0.409314
0.613964
0.861862
