0.827046
0.685618
0.585082
0.524953
0.504942
0.524953
0.585082
0.685618
0.827046
0.819005
0.504757
0.235581
0.0499385
0.0499385
0.235581
0.504757
0.819005
0.589882
0.481363
0.481363
0.589882
0.570145
0.108969
0.108969
0.570145
0.79359
0.24394
0.24394
0.79359
0.696017
0.696017
0.36341
0.36341
0.186229
0.186229
0.153349
0.153349
0.221297
0.221297
0.388692
0.388692
0.640561
0.640561
0.963699
0.963699
0.35256
0.35256
0.802466
0.802466
0.31385
0.31385
0.878715
0.878715
0.493553
0.493553
0.156148
0.156148
0.86463
0.86463
0.617443
0.617443
0.413304
0.413304
0.251182
0.251182
0.130273
0.130273
0.0499893
0.0499893
0.00994306
0.00994306
0.00994306
0.00994306
0.0499893
0.0499893
0.130273
0.130273
0.251182
0.251182
0.413304
0.413304
0.617443
0.617443
0.86463
0.86463
0.156148
0.156148
0.493553
0.493553
0.878715
0.878715
0.31385
0.31385
0.802466
0.802466
0.35256
0.35256
0.963699
0.963699
0.640561
0.640561
0.388692
0.388692
0.221297
0.221297
0.153349
0.153349
0.186229
0.186229
0.36341
0.36341
0.696017
0.696017
0.79359
0.24394
0.24394
0.79359
0.570145
0.108969
0.108969
0.570145
0.589882
0.481363
0.481363
0.589882
0.819005
0.504757
0.235581
0.0499385
0.0499385
0.235581
0.504757
0.819005
0.827046
0.685618
0.585082
0.524953
0.504942
0.524953
0.585082
0.685618
0.827046
