0.01	166.571	3.37355	
0.02	2.70853	0.115244	
0.03	2.15218	0.0854166	
0.04	1.74104	0.0764671	
0.05	1.52186	0.0718108	
0.06	1.3812	0.068987	
0.07	1.27805	0.0667493	
0.08	1.20386	0.0653018	
0.09	1.13841	0.0639076	
0.1	1.08503	0.0629784	
0.11	1.04078	0.0619839	
0.12	1.00381	0.0611976	
0.13	0.970979	0.0602818	
0.14	0.942488	0.0598752	
0.15	0.917579	0.0592114	
0.16	0.895668	0.0587285	
0.17	0.876053	0.0582173	
0.18	0.85849	0.0578383	
0.19	0.842624	0.0575219	
0.2	0.828208	0.0570391	
0.21	0.815296	0.0566631	
0.22	0.803532	0.0562925	
0.23	0.792823	0.0560286	
0.24	0.783153	0.0558161	
0.25	0.774122	0.0554736	
0.26	0.76588	0.0551423	
0.27	0.758637	0.0548342	
0.28	0.751544	0.0545619	
0.29	0.745649	0.0544455	
0.3	0.739474	0.0539811	
0.31	0.734401	0.0537753	
0.32	0.729559	0.0535262	
0.33	0.725255	0.053304	
0.34	0.721199	0.0530758	
0.35	0.717599	0.0528628	
0.36	0.713941	0.0524733	
0.37	0.711079	0.0522146	
0.38	0.708249	0.0520916	
0.39	0.705711	0.0517582	
0.4	0.703408	0.0515674	
0.41	0.701277	0.0512187	
0.42	0.699576	0.0510519	
0.43	0.69784	0.0507567	
0.44	0.696257	0.0505225	
0.45	0.695107	0.0502956	
0.46	0.693947	0.0499953	
0.47	0.692695	0.049675	
0.48	0.692096	0.0495195	
0.49	0.691359	0.0492265	
0.5	0.690601	0.0489471	
0.51	0.690207	0.0486286	
0.52	0.689824	0.0483845	
0.53	0.689561	0.048142	
0.54	0.689245	0.0478107	
0.55	0.689408	0.0476047	
0.56	0.689261	0.0472608	
0.57	0.689199	0.04695	
0.58	0.689656	0.0467578	
0.59	0.689765	0.0464212	
0.6	0.689966	0.0460988	
0.61	0.690385	0.045827	
0.62	0.690778	0.0455192	
0.63	0.691161	0.0451967	
0.64	0.691822	0.0449408	
0.65	0.692314	0.0445891	
0.66	0.692845	0.0442658	
0.67	0.693555	0.0439827	
0.68	0.694217	0.0436378	
0.69	0.694851	0.0432952	
0.7	0.695659	0.043	
0.71	0.69641	0.0426427	
0.72	0.697135	0.0422978	
0.73	0.698009	0.0419884	
0.74	0.698849	0.0416184	
0.75	0.699646	0.0412667	
0.76	0.700477	0.0409222	
0.77	0.701421	0.0405577	
0.78	0.70226	0.0401908	
0.79	0.703121	0.0398328	
0.8	0.704091	0.0394542	
0.81	0.704956	0.0390807	
0.82	0.705848	0.0387215	
0.83	0.70683	0.0383188	
0.84	0.707714	0.0379355	
0.85	0.708522	0.0375474	
0.86	0.709553	0.0371454	
0.87	0.710436	0.0367522	
0.88	0.711237	0.0363524	
0.89	0.712275	0.0359445	
0.9	0.713131	0.0355406	
0.91	0.71387	0.0351248	
0.92	0.71489	0.0346944	
0.93	0.715757	0.0342958	
0.94	0.716441	0.033868	
0.95	0.717449	0.0334254	
0.96	0.71819	0.033	
0.97	0.718895	0.0325652	
0.98	0.719937	0.0321455	
0.99	0.720558	0.0316594	
1	0.721238	0.0312464	
1.01	0.722225	0.0308404	
1.02	0.722687	0.0303314	
1.03	0.723567	0.0299227	
1.04	0.724311	0.0294473	
1.05	0.724628	0.02896	
1.06	0.72572	0.0285537	
1.07	0.72627	0.028058	
1.08	0.726736	0.0275957	
1.09	0.727381	0.0271592	
1.1	0.728072	0.0266578	
1.11	0.728354	0.0261568	
1.12	0.728912	0.0256364	
1.13	0.729708	0.0252941	
1.14	0.730167	0.0247732	
1.15	0.730499	0.0242669	
1.16	0.730909	0.0237693	
1.17	0.731344	0.0233169	
1.18	0.731908	0.0228338	
1.19	0.73204	0.022296	
1.2	0.732521	0.0218125	
1.21	0.732862	0.0214118	
1.22	0.733229	0.0207906	
1.23	0.733404	0.0203034	
1.24	0.733637	0.019822	
1.25	0.733937	0.0194158	
1.26	0.734276	0.0188046	
1.27	0.734228	0.0182747	
1.28	0.73453	0.0178177	
1.29	0.734638	0.01738	
1.3	0.734867	0.0167498	
1.31	0.734857	0.0162538	
1.32	0.734945	0.0157579	
1.33	0.734977	0.0153205	
1.34	0.735217	0.0147297	
1.35	0.734969	0.0141595	
1.36	0.73514	0.0137247	
1.37	0.734983	0.0132606	
1.38	0.735057	0.0126046	
1.39	0.734854	0.0121065	
1.4	0.734848	0.0116085	
1.41	0.734679	0.0110969	
1.42	0.734517	0.0106455	
1.43	0.734342	0.00997153	
1.44	0.734378	0.00951311	
1.45	0.733995	0.00894644	
1.46	0.733878	0.00849493	
1.47	0.73345	0.00790099	
1.48	0.733328	0.00746204	
1.49	0.733178	0.0068103	
1.5	0.732609	0.0063303	
1.51	0.732591	0.00580221	
1.52	0.731994	0.0052694	
1.53	0.731896	0.004742	
1.54	0.731388	0.00421765	
1.55	0.730909	0.00373208	
1.56	0.730509	0.00305992	
1.57	0.730318	0.00257121	
1.58	0.729678	0.00213412	
1.59	0.729319	0.00147164	
1.6	0.728784	0.00112294	
1.61	0.728379	0.000309709	
1.62	0.727892	-9.34692e-05	
1.63	0.727371	-0.000630579	
1.64	0.726709	-0.000994053	
1.65	0.726389	-0.0018443	
1.66	0.725658	-0.00226423	
1.67	0.724996	-0.00256149	
1.68	0.724532	-0.00339646	
1.69	0.723991	-0.00376356	
1.7	0.723368	-0.00446543	
1.71	0.722748	-0.00484099	
1.72	0.722081	-0.00558359	
1.73	0.721421	-0.00588228	
1.74	0.720707	-0.00663374	
1.75	0.720032	-0.00698355	
1.76	0.719561	-0.0076841	
1.77	0.718757	-0.00797928	
1.78	0.717923	-0.00869707	
1.79	0.717299	-0.00926609	
1.8	0.716586	-0.00960419	
1.81	0.715946	-0.0104786	
1.82	0.715171	-0.0105834	
1.83	0.714015	-0.0116082	
1.84	0.713801	-0.0115591	
1.85	0.712815	-0.012353	
1.86	0.712034	-0.0130524	
1.87	0.711127	-0.0136675	
1.88	0.710685	-0.0136886	
1.89	0.709466	-0.0146568	
1.9	0.70906	-0.014874	
1.91	0.707969	-0.0156068	
1.92	0.707226	-0.0159643	
1.93	0.70654	-0.0165736	
1.94	0.705483	-0.0171768	
1.95	0.704709	-0.0178822	
1.96	0.703927	-0.0179626	
1.97	0.7031	-0.0186464	
1.98	0.702253	-0.0191465	
1.99	0.701505	-0.0196449	
2	0.700341	-0.0202661	
2.01	0.699553	-0.0209657	
2.02	0.698838	-0.0210875	
2.03	0.697865	-0.0218245	
2.04	0.697185	-0.0221299	
2.05	0.695577	-0.0233014	
2.06	0.695617	-0.0231046	
2.07	0.69444	-0.0235471	
2.08	0.693493	-0.0243441	
2.09	0.692562	-0.0249404	
2.1	0.691693	-0.0251523	
2.11	0.691079	-0.0256484	
2.12	0.689304	-0.0268447	
2.13	0.689603	-0.0264587	
2.14	0.688005	-0.0273208	
2.15	0.687197	-0.0279191	
2.16	0.686158	-0.0282533	
2.17	0.685714	-0.0288443	
2.18	0.684519	-0.0291701	
2.19	0.68357	-0.0297144	
2.2	0.68267	-0.0303236	
2.21	0.681724	-0.0307547	
2.22	0.680937	-0.0310576	
2.23	0.680319	-0.0316621	
2.24	0.678817	-0.0323651	
2.25	0.678552	-0.0323627	
2.26	0.677009	-0.0332319	
2.27	0.676862	-0.0333597	
2.28	0.675258	-0.034202	
2.29	0.674635	-0.0345079	
2.3	0.673851	-0.0350525	
2.31	0.6728	-0.0353863	
2.32	0.671847	-0.0360902	
2.33	0.671249	-0.0361494	
2.34	0.669958	-0.0370866	
2.35	0.669487	-0.0370754	
2.36	0.668525	-0.0376613	
2.37	0.667646	-0.0380477	
2.38	0.666756	-0.0385554	
2.39	0.665381	-0.0393233	
2.4	0.6651	-0.0394215	
2.41	0.663864	-0.0399852	
2.42	0.663167	-0.0404823	
2.43	0.662461	-0.0406526	
2.44	0.661305	-0.0412571	
2.45	0.660721	-0.0415951	
2.46	0.659519	-0.0423556	
2.47	0.659081	-0.042366	
2.48	0.657603	-0.0430882	
2.49	0.657735	-0.0430334	
2.5	0.656261	-0.0438248	
2.51	0.655298	-0.0443212	
2.52	0.654684	-0.0445639	
2.53	0.653872	-0.0449877	
2.54	0.652731	-0.0455772	
2.55	0.652536	-0.0456096	
2.56	0.651344	-0.0461815	
2.57	0.650465	-0.0466181	
