1	1	370
2	2	369
3	1	305
4	1	241
5	1	226
6	1	224
7	1	224
8	1	223
9	1	225
10	1	222
11	1	215
12	1	121
13	1	179
14	1	72
15	1	215
16	1	103
17	1	104
18	1	104
19	1	112
20	1	167
21	1	52
22	1	102
23	1	95
24	1	100
25	1	106
26	1	52
27	1	101
28	1	95
29	1	105
30	1	160
31	1	46
32	1	48
33	1	95
34	1	47
35	1	107
36	1	49
37	1	117
38	1	49
39	1	155
40	1	47
41	1	88
42	1	46
43	1	156
44	1	85
45	1	46
46	1	148
47	1	83
48	1	46
49	1	148
50	1	49
51	1	77
52	1	149
53	1	75
54	1	80
55	1	147
56	1	75
57	1	81
58	1	148
59	1	74
60	1	75
61	1	148
62	1	75
63	1	77
64	1	147
65	1	74
66	1	75
67	1	147
68	1	74
69	1	75
70	1	147
71	1	74
72	1	75
73	1	147
74	1	73
75	1	73
76	1	147
77	1	73
78	1	73
79	1	147
80	1	73
81	1	73
82	1	146
83	1	72
84	1	71
85	1	146
86	1	72
87	1	71
88	1	146
89	1	71
90	1	69
91	1	145
92	1	71
93	1	67
94	1	144
95	1	70
96	1	63
97	1	135
98	1	66
99	1	71
100	1	146
101	1	67
102	1	60
103	1	144
104	1	66
105	1	56
106	1	145
107	1	67
108	1	61
109	1	141
110	1	66
111	1	59
112	1	77
113	1	145
114	1	68
115	1	63
116	1	73
117	1	143
118	1	67
119	1	60
120	1	73
121	1	135
122	1	68
123	1	67
124	1	72
125	1	135
126	1	67
127	1	62
128	1	71
129	1	135
130	1	68
131	1	65
132	1	71
133	1	133
134	1	65
135	1	64
136	1	69
137	1	136
138	1	65
139	1	65
140	1	69
141	1	69
142	1	134
143	1	59
144	1	65
145	1	65
146	1	64
147	1	73
148	1	133
149	1	65
150	1	61
151	1	67
152	1	61
153	1	69
154	1	25
155	1	134
156	1	24
157	1	68
158	1	22
159	1	60
160	1	19
161	1	59
162	1	25
163	1	63
164	1	19
165	1	25
166	1	65
167	1	17
168	1	21
169	1	18
170	1	22
171	1	19
172	1	24
173	1	19
174	1	24
175	1	19
176	1	73
177	1	17
178	1	20
179	1	134
180	1	17
181	1	65
182	1	16
183	1	24
184	1	54
185	1	19
186	1	132
187	1	28
188	1	55
189	1	24
190	1	49
191	1	140
192	1	17
193	1	52
194	1	20
195	1	65
196	1	18
197	1	135
198	1	20
199	1	51
200	1	18
201	1	60
202	1	16
203	1	140
204	1	55
205	1	28
206	1	51
207	1	17
208	1	131
209	1	64
210	1	18
211	1	49
212	1	26
213	1	135
214	1	59
215	1	62
216	1	63
217	1	65
218	1	127
219	1	60
220	1	62
221	1	63
222	1	18
223	1	127
224	1	31
225	1	51
226	1	20
227	1	46
228	1	20
229	1	137
230	1	62
231	1	20
232	1	61
233	1	18
234	1	66
235	1	16
236	1	127
237	1	17
238	1	51
239	1	20
240	1	54
241	1	20
242	1	58
243	1	17
244	1	137
245	1	17
246	1	61
247	1	17
248	1	20
249	1	47
250	1	18
251	1	18
252	1	133
253	1	20
254	1	22
255	1	52
256	1	19
257	1	17
