1	0	137
2	1	165
3	0	130
4	0	100
5	0	108
6	0	101
7	0	109
8	0	101
9	0	108
10	0	107
11	0	106
12	0	105
13	0	101
14	0	104
15	0	98
16	0	103
17	0	101
18	0	103
19	0	97
20	0	102
21	0	97
22	0	100
23	0	100
24	0	101
25	0	101
26	0	100
27	0	103
28	0	98
29	0	102
30	0	100
31	0	100
32	0	100
33	0	94
34	0	100
35	0	100
36	0	101
37	0	100
38	0	102
39	0	99
40	0	100
41	0	101
42	0	97
43	0	100
44	0	55
45	0	70
46	0	32
47	0	52
48	0	25
49	0	30
50	0	68
51	0	53
52	0	99
53	0	26
54	0	27
55	0	54
56	0	96
57	0	26
58	0	59
59	0	95
60	0	27
61	0	55
62	0	70
63	0	57
64	0	27
65	0	89
66	0	27
67	0	89
68	0	26
69	0	55
70	0	26
71	0	90
72	0	61
73	0	97
74	0	52
75	0	96
76	0	96
77	0	98
78	0	94
79	0	98
80	0	95
81	0	98
82	0	93
83	0	98
84	0	93
85	0	98
86	0	97
87	0	98
88	0	95
89	0	100
90	0	95
91	0	100
92	0	100
93	0	101
94	0	95
95	0	101
96	0	101
97	0	101
98	0	96
99	0	102
100	0	101
101	0	101
102	0	96
103	0	102
104	0	102
105	0	96
106	0	63
107	0	96
108	0	55
109	0	57
110	0	102
111	0	51
112	0	48
113	0	93
114	0	27
115	0	54
116	0	66
117	0	52
118	0	25
119	0	92
120	0	25
121	0	53
122	0	90
123	0	30
124	0	99
125	0	25
126	0	93
127	0	27
128	0	53
129	0	93
130	0	30
131	0	50
132	0	26
133	0	93
134	0	26
135	0	50
136	0	26
137	0	26
138	0	62
139	0	92
140	0	27
141	0	93
142	0	26
143	0	28
144	0	68
145	0	53
146	0	97
147	0	27
148	0	94
149	0	27
150	0	27
151	0	28
152	0	55
153	0	26
154	0	27
155	0	93
156	0	26
157	0	52
158	0	27
159	0	93
160	0	26
161	0	60
162	0	92
163	0	52
164	0	98
165	0	60
166	0	94
167	0	52
168	0	97
169	0	59
170	0	99
171	0	51
172	0	98
173	0	52
174	0	95
175	0	55
176	0	98
177	0	31
178	0	97
179	0	26
180	0	62
181	0	97
182	0	52
183	0	27
184	0	55
185	0	69
186	0	54
187	0	26
188	0	28
189	0	30
190	0	95
191	0	28
192	0	95
193	0	28
194	0	95
195	0	28
196	0	95
197	0	28
198	0	96
199	0	27
200	0	29
201	0	96
202	0	99
203	0	27
204	0	64
205	0	97
206	0	30
207	0	52
208	0	26
209	0	95
210	0	28
211	0	61
212	0	96
213	0	29
214	0	51
215	0	27
216	0	95
217	0	27
218	0	51
219	0	26
220	0	96
221	0	26
222	0	27
223	0	52
224	0	27
225	0	29
226	0	67
227	0	30
228	0	68
229	0	55
230	0	54
231	0	61
232	0	54
233	0	30
234	0	96
235	0	28
236	0	29
237	0	53
238	0	29
239	0	95
240	0	28
241	0	29
242	0	53
243	0	30
244	0	69
245	0	59
246	0	60
247	0	28
248	0	28
249	0	28
250	0	68
251	0	28
252	0	28
253	0	29
254	0	30
255	0	96
256	0	29
257	0	96
258	0	30
259	0	96
260	0	30
261	0	96
262	0	30
263	0	97
264	0	30
265	0	98
266	0	31
267	0	98
268	0	31
269	0	98
270	0	31
271	0	99
272	0	31
273	0	98
274	0	31
275	0	99
276	0	31
277	0	98
278	0	31
279	0	99
280	0	31
281	0	98
282	0	29
283	0	33
284	0	31
285	0	29
286	0	29
287	0	97
288	0	28
289	0	29
290	0	97
291	0	29
292	0	29
293	0	65
294	0	97
295	0	31
296	0	59
297	0	29
298	0	31
299	0	69
300	0	60
301	0	30
302	0	29
303	0	31
304	0	97
305	0	29
306	0	30
307	0	97
308	0	29
309	0	97
310	0	31
311	0	98
312	0	29
313	0	98
314	0	30
315	0	98
316	0	29
317	0	98
318	0	29
319	0	98
320	0	29
321	0	64
322	0	98
323	0	29
324	0	55
325	0	29
326	0	96
327	0	29
328	0	30
329	0	32
330	0	31
331	0	31
332	0	30
333	0	30
334	0	32
335	0	95
336	0	31
337	0	69
338	0	62
339	0	94
340	0	30
341	0	59
342	0	29
343	0	29
344	0	95
345	0	29
346	0	59
347	0	68
348	0	28
349	0	95
350	0	53
351	0	98
352	0	31
353	0	98
354	0	29
355	0	97
356	0	30
357	0	98
358	0	29
359	0	66
360	0	98
361	0	53
362	0	29
363	0	29
364	0	29
365	0	29
366	0	29
367	0	27
368	0	29
369	0	95
370	0	28
371	0	29
372	0	64
373	0	97
374	0	52
375	0	29
376	0	61
377	0	97
378	0	29
379	0	53
380	0	29
381	0	30
382	0	61
383	0	96
384	0	30
385	0	52
386	0	93
387	0	60
388	0	98
389	0	60
390	0	100
391	0	53
392	0	100
393	0	53
394	0	97
395	0	60
396	0	100
397	0	53
398	0	100
399	0	30
400	0	62
401	0	95
402	0	29
403	0	95
404	0	29
405	0	53
406	0	29
407	0	65
408	0	96
409	0	53
410	0	99
411	0	64
412	0	99
413	0	53
414	0	100
415	0	54
416	0	100
417	0	53
418	0	100
419	0	30
420	0	64
421	0	96
422	0	30
423	0	96
424	0	29
425	0	62
426	0	30
427	0	29
428	0	95
429	0	53
430	0	99
431	0	29
432	0	62
433	0	94
434	0	31
435	0	52
436	0	28
437	0	29
438	0	70
439	0	51
440	0	31
441	0	94
442	0	30
443	0	51
444	0	28
445	0	95
446	0	29
447	0	95
448	0	29
449	0	95
450	0	29
451	0	96
452	0	29
453	0	29
454	0	96
455	0	29
456	0	97
457	0	29
458	0	30
459	0	54
460	0	92
461	0	61
462	0	101
463	0	55
464	0	100
465	0	55
466	0	101
467	0	55
468	0	100
469	0	55
470	0	100
471	0	54
472	0	98
473	0	54
474	0	99
475	0	29
476	0	62
477	0	98
478	0	30
479	0	98
480	0	30
481	0	54
482	0	91
483	0	64
484	0	102
485	0	54
486	0	100
487	0	55
488	0	99
489	0	54
490	0	100
491	0	54
492	0	99
493	0	30
494	0	98
495	0	28
496	0	29
497	0	70
498	0	53
499	0	30
500	0	97
501	0	30
502	0	53
503	0	28
504	0	26
505	0	65
506	0	96
507	0	52
508	0	26
509	0	53
510	0	69
511	0	33
512	0	26
513	0	97
514	0	27
515	0	53
516	0	27
517	0	27
518	0	27
519	0	29
520	0	55
521	0	55
522	0	97
523	0	100
524	0	27
525	0	28
526	0	32
527	0	54
528	0	55
529	0	99
530	0	29
531	0	98
532	0	65
533	0	99
534	0	32
535	0	54
536	0	30
537	0	30
538	0	29
539	0	29
540	0	97
541	0	29
542	0	31
543	0	69
544	0	53
545	0	54
546	0	32
547	0	53
548	0	30
549	0	31
550	0	97
551	0	30
552	0	53
553	0	29
554	0	70
555	0	30
556	0	30
557	0	97
558	0	29
559	0	53
560	0	29
561	0	97
562	0	29
563	0	30
564	0	55
565	0	91
566	0	30
567	0	54
568	0	29
569	0	29
570	0	31
571	0	97
572	0	29
573	0	70
574	0	32
575	0	97
576	0	30
577	0	97
578	0	30
579	0	97
580	0	30
581	0	97
582	0	30
583	0	97
584	0	30
585	0	97
586	0	30
587	0	97
588	0	29
589	0	97
590	0	30
591	0	97
592	0	29
593	0	97
594	0	29
595	0	96
596	0	29
597	0	96
598	0	28
599	0	62
600	0	59
601	0	28
602	0	58
603	0	60
604	0	96
605	0	28
606	0	58
607	0	28
608	0	28
609	0	29
610	0	96
611	0	28
612	0	95
613	0	29
614	0	95
615	0	28
616	0	29
617	0	29
618	0	58
619	0	28
620	0	71
621	0	52
622	0	28
623	0	29
624	0	67
625	0	28
626	0	95
627	0	28
628	0	95
629	0	28
630	0	95
631	0	28
632	0	95
633	0	28
634	0	30
635	0	74
636	0	95
637	0	29
638	0	52
639	0	53
640	0	96
641	0	29
642	0	96
643	0	29
644	0	98
645	0	29
646	0	95
647	0	29
648	0	98
649	0	29
650	0	95
651	0	29
652	0	96
653	0	28
654	0	95
655	0	28
656	0	96
657	0	28
658	0	94
659	0	27
660	0	95
661	0	27
662	0	93
663	0	25
664	0	93
665	0	25
666	0	94
667	0	25
668	0	93
669	0	25
670	0	93
671	0	25
672	0	64
673	0	60
674	0	61
675	0	60
676	0	51
677	0	25
678	0	27
679	0	26
680	0	25
681	0	24
682	0	25
683	0	29
684	0	90
685	0	26
686	0	91
687	0	29
688	0	92
689	0	25
690	0	92
691	0	26
692	0	92
693	0	25
694	0	89
695	0	25
696	0	90
697	0	23
698	0	92
699	0	21
700	0	92
701	0	20
702	0	95
703	0	19
704	0	52
705	0	93
706	0	53
707	0	96
708	0	51
709	0	95
710	0	19
711	0	52
712	0	96
713	0	52
714	0	95
715	0	19
716	0	88
717	0	20
718	0	66
719	0	20
720	0	53
721	0	62
722	0	49
723	0	16
724	0	22
725	0	86
726	0	18
727	0	50
728	0	21
729	0	23
730	0	52
731	0	84
732	0	24
733	0	52
734	0	23
735	0	23
736	0	53
737	0	63
738	0	51
739	0	23
740	0	24
741	0	52
742	0	24
743	0	88
744	0	24
745	0	60
746	0	60
747	0	53
748	0	24
749	0	27
750	0	92
751	0	25
752	0	30
753	0	93
754	0	30
755	0	97
756	0	28
757	0	93
758	0	28
759	0	96
760	0	27
761	0	65
762	0	27
763	0	93
764	0	27
765	0	94
766	0	27
767	0	94
768	0	27
769	0	65
770	0	58
771	0	59
772	0	28
773	0	27
774	0	27
775	0	59
776	0	26
777	0	25
778	0	25
779	0	94
780	0	25
781	0	60
782	0	60
783	0	58
784	0	26
785	0	25
786	0	25
787	0	26
788	0	58
789	0	26
790	0	28
791	0	65
792	0	28
793	0	93
794	0	28
795	0	94
796	0	26
797	0	95
798	0	26
799	0	93
800	0	26
801	0	93
802	0	25
803	0	93
804	0	25
805	0	92
806	0	25
807	0	92
808	0	25
809	0	92
810	0	23
811	0	90
812	0	23
813	0	90
814	0	22
815	0	22
816	0	94
817	0	23
818	0	90
819	0	22
820	0	64
821	0	23
822	0	89
823	0	55
824	0	98
825	0	22
826	0	89
827	0	22
828	0	90
829	0	28
830	0	96
831	0	23
832	0	88
833	0	26
834	0	94
835	0	24
836	0	91
837	0	26
838	0	53
839	0	60
840	0	49
841	0	19
842	0	29
843	0	87
844	0	50
845	0	23
846	0	20
847	0	23
848	0	49
849	0	20
850	0	94
851	0	20
852	0	50
853	0	23
854	0	50
855	0	21
856	0	49
857	0	62
858	0	52
859	0	96
860	0	20
861	0	92
862	0	20
863	0	94
864	0	20
865	0	92
866	0	20
867	0	94
868	0	20
869	0	92
870	0	20
871	0	92
872	0	20
873	0	53
874	0	88
875	0	97
876	0	19
877	0	20
878	0	47
879	0	19
880	0	19
881	0	19
882	0	20
883	0	49
884	0	20
885	0	52
886	0	51
887	0	55
888	0	52
889	0	17
890	0	18
891	0	17
892	0	20
893	0	49
894	0	19
895	0	53
896	0	53
897	0	19
898	0	53
899	0	53
900	0	18
901	0	23
902	0	18
903	0	24
904	0	46
905	0	19
906	0	23
907	0	19
908	0	23
909	0	19
910	0	50
911	0	19
912	0	23
913	0	24
914	0	65
915	0	50
916	0	49
917	0	24
918	0	25
919	0	24
920	0	24
921	0	24
922	0	26
923	0	87
924	0	24
925	0	26
926	0	65
927	0	52
928	0	91
929	0	24
930	0	24
931	0	24
932	0	25
933	0	88
934	0	24
935	0	24
936	0	52
937	0	88
938	0	23
939	0	22
940	0	22
941	0	24
942	0	87
943	0	23
944	0	89
945	0	23
946	0	89
947	0	23
948	0	89
949	0	23
950	0	89
951	0	23
952	0	88
953	0	22
954	0	89
955	0	22
956	0	88
957	0	22
958	0	88
959	0	22
960	0	88
961	0	22
962	0	89
963	0	22
964	0	88
965	0	21
966	0	90
967	0	21
968	0	89
969	0	20
970	0	25
971	0	95
972	0	96
973	0	18
974	0	21
975	0	49
976	0	18
977	0	19
978	0	20
979	0	19
980	0	49
981	0	18
982	0	19
983	0	19
984	0	20
985	0	50
986	0	19
987	0	19
988	0	20
989	0	20
990	0	20
991	0	88
992	0	20
993	0	89
994	0	20
995	0	95
996	0	20
997	0	90
998	0	97
999	0	19
1000	0	20
1001	0	49
1002	0	20
1003	0	95
1004	0	19
1005	0	95
1006	0	19
1007	0	65
1008	0	49
1009	0	20
1010	0	96
1011	0	52
1012	0	96
1013	0	20
1014	0	50
1015	0	50
1016	0	49
1017	0	22
1018	0	20
1019	0	22
1020	0	95
1021	0	20
1022	0	94
1023	0	20
1024	0	93
1025	0	19
1026	0	66
1027	0	48
1028	0	95
1029	0	20
1030	0	24
1031	0	87
1032	0	22
1033	0	63
1034	0	49
1035	0	94
1036	0	21
1037	0	90
1038	0	21
1039	0	92
1040	0	22
1041	0	91
1042	0	22
1043	0	89
1044	0	21
1045	0	90
1046	0	20
1047	0	94
1048	0	18
1049	0	94
1050	0	18
1051	0	95
1052	0	18
1053	0	52
1054	0	46
1055	0	52
1056	0	24
1057	0	44
1058	0	18
1059	0	90
1060	0	16
1061	0	52
1062	0	45
1063	0	52
1064	0	16
1065	0	17
1066	0	18
1067	0	58
1068	0	17
1069	0	89
1070	0	18
1071	0	94
1072	0	17
1073	0	91
1074	0	18
1075	0	86
1076	0	18
1077	0	95
1078	0	18
1079	0	90
1080	0	23
1081	0	87
1082	0	95
1083	0	20
1084	0	22
1085	0	94
1086	0	20
1087	0	23
1088	0	22
1089	0	22
1090	0	22
1091	0	89
1092	0	21
1093	0	23
1094	0	23
1095	0	89
1096	0	22
1097	0	24
1098	0	23
1099	0	23
1100	0	25
1101	0	89
1102	0	24
1103	0	28
1104	0	92
1105	0	97
1106	0	24
1107	0	25
1108	0	92
1109	0	24
1110	0	25
1111	0	25
1112	0	25
1113	0	24
1114	0	25
1115	0	66
1116	0	25
1117	0	26
1118	0	26
1119	0	26
1120	0	26
1121	0	26
1122	0	92
1123	0	25
1124	0	25
1125	0	26
1126	0	25
1127	0	25
1128	0	27
1129	0	65
1130	0	61
1131	0	92
1132	0	27
1133	0	92
1134	0	25
1135	0	93
1136	0	25
1137	0	92
1138	0	24
1139	0	92
1140	0	23
1141	0	64
1142	0	24
1143	0	92
1144	0	23
1145	0	92
1146	0	23
1147	0	23
1148	0	23
1149	0	23
1150	0	22
1151	0	22
1152	0	22
1153	0	92
1154	0	22
1155	0	22
1156	0	22
1157	0	21
1158	0	22
1159	0	89
1160	0	22
1161	0	55
1162	0	53
1163	0	21
1164	0	53
1165	0	89
1166	0	21
1167	0	21
1168	0	21
1169	0	22
1170	0	87
1171	0	22
1172	0	22
1173	0	22
1174	0	22
1175	0	21
1176	0	22
1177	0	87
1178	0	22
1179	0	24
1180	0	51
1181	0	48
1182	0	20
1183	0	23
1184	0	86
1185	0	22
1186	0	22
1187	0	23
1188	0	20
1189	0	23
1190	0	53
1191	0	47
1192	0	18
1193	0	50
1194	0	52
1195	0	59
1196	0	51
1197	0	49
1198	0	18
1199	0	19
1200	0	19
1201	0	19
1202	0	18
1203	0	19
1204	0	19
1205	0	47
1206	0	18
1207	0	47
1208	0	18
1209	0	47
1210	0	18
1211	0	20
1212	0	19
1213	0	19
1214	0	19
1215	0	19
1216	0	19
1217	0	20
1218	0	47
1219	0	19
1220	0	22
1221	0	20
1222	0	22
1223	0	20
1224	0	20
1225	0	20
1226	0	20
1227	0	21
1228	0	27
1229	0	46
1230	0	21
1231	0	47
1232	0	21
1233	0	47
1234	0	21
1235	0	22
1236	0	22
1237	0	22
1238	0	21
1239	0	21
1240	0	21
1241	0	21
1242	0	22
1243	0	23
1244	0	27
1245	0	23
1246	0	27
1247	0	22
1248	0	22
1249	0	21
1250	0	21
1251	0	21
1252	0	21
1253	0	21
1254	0	22
1255	0	22
1256	0	87
1257	0	22
1258	0	87
1259	0	22
1260	0	89
1261	0	22
1262	0	87
1263	0	22
1264	0	89
1265	0	21
1266	0	89
1267	0	21
1268	0	88
1269	0	21
1270	0	91
1271	0	21
1272	0	87
1273	0	21
1274	0	92
1275	0	21
1276	0	89
1277	0	21
1278	0	87
1279	0	21
1280	0	93
1281	0	16
1282	0	91
1283	0	15
1284	0	94
1285	0	15
1286	0	87
1287	0	20
1288	0	93
1289	0	16
1290	0	51
1291	0	91
1292	0	20
1293	0	84
1294	0	15
1295	0	94
1296	0	14
1297	0	93
1298	0	13
1299	0	63
1300	0	44
1301	0	93
1302	0	14
1303	0	18
1304	0	13
1305	0	14
1306	0	15
1307	0	14
1308	0	14
1309	0	14
1310	0	14
1311	0	14
1312	0	82
1313	0	14
1314	0	92
1315	0	15
1316	0	92
1317	0	15
1318	0	92
1319	0	15
1320	0	89
1321	0	15
1322	0	93
1323	0	15
1324	0	92
1325	0	18
1326	0	85
1327	0	95
1328	0	17
1329	0	18
1330	0	18
1331	0	84
1332	0	15
1333	0	94
1334	0	17
1335	0	85
1336	0	19
1337	0	93
1338	0	18
1339	0	86
1340	0	19
1341	0	94
1342	0	18
1343	0	90
1344	0	18
1345	0	94
1346	0	18
1347	0	94
1348	0	18
1349	0	91
1350	0	18
1351	0	94
1352	0	18
1353	0	51
1354	0	49
1355	0	52
1356	0	23
1357	0	18
1358	0	49
1359	0	50
1360	0	94
1361	0	18
1362	0	94
1363	0	18
1364	0	89
1365	0	18
1366	0	61
1367	0	50
1368	0	48
1369	0	19
1370	0	26
1371	0	48
1372	0	51
1373	0	94
1374	0	19
1375	0	94
1376	0	19
1377	0	92
1378	0	19
1379	0	93
1380	0	19
1381	0	88
1382	0	19
1383	0	88
1384	0	19
1385	0	93
1386	0	19
1387	0	88
1388	0	19
1389	0	88
1390	0	19
1391	0	93
1392	0	18
1393	0	89
1394	0	19
1395	0	61
1396	0	50
1397	0	26
1398	0	48
1399	0	23
1400	0	50
1401	0	86
1402	0	19
1403	0	23
1404	0	18
1405	0	87
1406	0	93
1407	0	18
1408	0	22
1409	0	18
1410	0	24
1411	0	84
1412	0	19
1413	0	94
1414	0	18
1415	0	87
1416	0	17
1417	0	26
1418	0	65
1419	0	86
1420	0	22
1421	0	47
1422	0	18
1423	0	87
1424	0	18
1425	0	52
1426	0	44
1427	0	51
1428	0	22
1429	0	17
1430	0	91
1431	0	17
1432	0	48
1433	0	18
1434	0	49
1435	0	23
1436	0	91
1437	0	17
1438	0	54
1439	0	44
1440	0	22
1441	0	44
1442	0	90
1443	0	14
1444	0	18
1445	0	18
1446	0	17
1447	0	91
1448	0	14
1449	0	47
1450	0	14
1451	0	48
1452	0	17
1453	0	91
1454	0	14
1455	0	61
1456	0	45
1457	0	16
1458	0	44
1459	0	17
1460	0	51
1461	0	91
1462	0	14
1463	0	90
1464	0	12
1465	0	94
1466	0	12
1467	0	94
1468	0	12
1469	0	95
1470	0	12
1471	0	89
1472	0	12
1473	0	95
1474	0	17
1475	0	91
1476	0	12
1477	0	17
1478	0	12
1479	0	88
1480	0	91
1481	0	11
1482	0	17
1483	0	11
1484	0	17
1485	0	11
1486	0	44
1487	0	12
1488	0	45
1489	0	23
1490	0	48
1491	0	12
1492	0	46
1493	0	50
1494	0	11
1495	0	13
1496	0	14
1497	0	12
1498	0	13
1499	0	14
1500	0	60
1501	0	49
1502	0	89
1503	0	13
1504	0	87
1505	0	13
1506	0	14
1507	0	88
1508	0	86
1509	0	14
1510	0	14
1511	0	13
1512	0	14
1513	0	14
1514	0	14
1515	0	14
1516	0	47
1517	0	46
1518	0	46
1519	0	14
1520	0	14
1521	0	14
1522	0	14
1523	0	14
1524	0	14
1525	0	14
1526	0	14
1527	0	14
1528	0	14
1529	0	45
1530	0	14
1531	0	44
1532	0	46
1533	0	17
1534	0	14
1535	0	14
1536	0	17
1537	0	14
1538	0	46
1539	0	49
1540	0	18
1541	0	46
1542	0	51
1543	0	18
1544	0	45
1545	0	19
1546	0	44
1547	0	50
1548	0	17
1549	0	16
1550	0	16
1551	0	17
1552	0	18
1553	0	87
1554	0	18
1555	0	87
1556	0	18
1557	0	89
1558	0	17
1559	0	87
1560	0	18
1561	0	90
1562	0	17
1563	0	91
1564	0	17
1565	0	85
1566	0	18
1567	0	90
1568	0	17
1569	0	85
1570	0	18
1571	0	90
1572	0	17
1573	0	92
1574	0	17
1575	0	85
1576	0	18
1577	0	92
1578	0	17
1579	0	92
1580	0	17
1581	0	88
1582	0	17
1583	0	92
1584	0	17
1585	0	93
1586	0	17
1587	0	85
1588	0	17
1589	0	51
1590	0	91
1591	0	17
1592	0	85
1593	0	17
1594	0	92
1595	0	16
1596	0	93
1597	0	16
1598	0	63
1599	0	17
1600	0	92
1601	0	17
1602	0	91
1603	0	17
1604	0	93
1605	0	17
1606	0	93
1607	0	17
1608	0	91
1609	0	17
1610	0	92
1611	0	17
1612	0	85
1613	0	17
1614	0	90
1615	0	17
1616	0	91
1617	0	16
1618	0	92
1619	0	16
1620	0	92
1621	0	17
1622	0	86
1623	0	17
1624	0	92
1625	0	17
1626	0	92
1627	0	16
1628	0	91
1629	0	17
1630	0	92
1631	0	16
1632	0	92
1633	0	16
1634	0	49
1635	0	93
1636	0	17
1637	0	90
1638	0	17
1639	0	85
1640	0	18
1641	0	91
1642	0	14
1643	0	62
1644	0	13
1645	0	91
1646	0	13
1647	0	92
1648	0	17
1649	0	86
1650	0	18
1651	0	89
1652	0	14
1653	0	92
1654	0	14
1655	0	85
1656	0	18
1657	0	90
1658	0	15
1659	0	87
1660	0	18
1661	0	90
1662	0	15
1663	0	82
1664	0	15
1665	0	91
1666	0	14
1667	0	86
1668	0	19
1669	0	84
1670	0	28
1671	0	92
1672	0	11
1673	0	92
1674	0	10
1675	0	91
1676	0	16
1677	0	10
1678	0	92
1679	0	92
1680	0	14
1681	0	15
1682	0	10
1683	0	18
1684	0	10
1685	0	42
1686	0	15
1687	0	39
1688	0	44
1689	0	16
1690	0	16
1691	0	11
1692	0	22
1693	0	11
1694	0	14
1695	0	61
1696	0	14
1697	0	87
1698	0	14
1699	0	91
1700	0	14
1701	0	92
1702	0	86
1703	0	13
1704	0	19
1705	0	11
1706	0	19
1707	0	13
1708	0	48
1709	0	42
1710	0	21
1711	0	41
1712	0	47
1713	0	21
1714	0	45
1715	0	20
1716	0	42
1717	0	20
1718	0	42
1719	0	18
1720	0	45
1721	0	19
1722	0	45
1723	0	19
1724	0	47
1725	0	43
1726	0	14
1727	0	20
1728	0	13
1729	0	20
1730	0	13
1731	0	61
1732	0	14
1733	0	84
1734	0	20
1735	0	61
1736	0	86
1737	0	18
1738	0	18
1739	0	18
1740	0	18
1741	0	19
1742	0	20
1743	0	83
1744	0	19
1745	0	86
1746	0	19
1747	0	87
1748	0	19
1749	0	20
1750	0	89
1751	0	20
1752	0	86
1753	0	20
1754	0	92
1755	0	19
1756	0	86
1757	0	20
1758	0	86
1759	0	20
1760	0	89
1761	0	20
1762	0	93
1763	0	19
1764	0	86
1765	0	20
1766	0	92
1767	0	19
1768	0	85
1769	0	20
1770	0	87
1771	0	20
1772	0	93
1773	0	19
1774	0	85
1775	0	20
1776	0	88
1777	0	20
1778	0	94
1779	0	19
1780	0	86
1781	0	20
1782	0	92
1783	0	19
1784	0	86
1785	0	20
1786	0	86
1787	0	20
1788	0	88
1789	0	20
1790	0	85
1791	0	19
1792	0	88
1793	0	13
1794	0	84
1795	0	12
1796	0	93
1797	0	13
1798	0	86
1799	0	13
1800	0	94
1801	0	12
1802	0	87
1803	0	12
1804	0	95
1805	0	12
1806	0	86
1807	0	12
1808	0	86
1809	0	11
1810	0	90
1811	0	12
1812	0	95
1813	0	12
1814	0	95
1815	0	11
1816	0	94
1817	0	11
1818	0	96
1819	0	11
1820	0	96
1821	0	11
1822	0	88
1823	0	11
1824	0	87
1825	0	11
1826	0	85
1827	0	19
1828	0	11
1829	0	94
1830	0	90
1831	0	16
1832	0	11
1833	0	15
1834	0	11
1835	0	45
1836	0	12
1837	0	46
1838	0	13
1839	0	48
1840	0	19
1841	0	11
1842	0	17
1843	0	11
1844	0	14
1845	0	13
1846	0	13
1847	0	13
1848	0	13
1849	0	50
1850	0	41
1851	0	13
1852	0	39
1853	0	21
1854	0	11
1855	0	48
1856	0	48
1857	0	11
1858	0	15
1859	0	11
1860	0	15
1861	0	11
1862	0	47
1863	0	11
1864	0	47
1865	0	47
1866	0	11
1867	0	14
1868	0	11
1869	0	13
1870	0	12
1871	0	13
1872	0	13
1873	0	44
1874	0	13
1875	0	47
1876	0	13
1877	0	49
1878	0	12
1879	0	48
1880	0	13
1881	0	49
1882	0	12
1883	0	21
1884	0	11
1885	0	48
1886	0	48
1887	0	12
1888	0	19
1889	0	11
1890	0	12
1891	0	18
1892	0	11
1893	0	13
1894	0	19
1895	0	11
1896	0	13
1897	0	46
1898	0	21
1899	0	41
1900	0	19
1901	0	41
1902	0	12
1903	0	21
1904	0	14
1905	0	46
1906	0	21
1907	0	41
1908	0	19
1909	0	43
1910	0	19
1911	0	43
1912	0	19
1913	0	20
1914	0	14
1915	0	21
1916	0	12
1917	0	20
1918	0	12
1919	0	20
1920	0	80
1921	0	19
1922	0	86
1923	0	19
1924	0	87
1925	0	19
1926	0	86
1927	0	19
1928	0	87
1929	0	19
1930	0	93
1931	0	19
1932	0	87
1933	0	19
1934	0	93
1935	0	19
1936	0	87
1937	0	19
1938	0	21
1939	0	85
1940	0	97
1941	0	19
1942	0	19
1943	0	20
1944	0	48
1945	0	48
1946	0	55
1947	0	50
1948	0	49
1949	0	20
1950	0	19
1951	0	19
1952	0	19
1953	0	20
1954	0	85
1955	0	20
1956	0	87
1957	0	23
1958	0	89
1959	0	21
1960	0	87
1961	0	22
1962	0	87
1963	0	20
1964	0	87
1965	0	22
1966	0	87
1967	0	20
1968	0	87
1969	0	20
1970	0	87
1971	0	20
1972	0	87
1973	0	20
1974	0	88
1975	0	20
1976	0	87
1977	0	21
1978	0	85
1979	0	20
1980	0	90
1981	0	21
1982	0	86
1983	0	21
1984	0	89
1985	0	21
1986	0	88
1987	0	21
1988	0	88
1989	0	21
1990	0	90
1991	0	21
1992	0	87
1993	0	21
1994	0	53
1995	0	51
1996	0	50
1997	0	21
1998	0	21
1999	0	51
2000	0	88
2001	0	21
2002	0	21
2003	0	21
2004	0	21
2005	0	21
2006	0	21
2007	0	21
2008	0	22
2009	0	63
2010	0	23
2011	0	85
2012	0	22
2013	0	89
2014	0	22
2015	0	23
2016	0	56
2017	0	52
2018	0	22
2019	0	52
2020	0	88
2021	0	22
2022	0	22
2023	0	22
2024	0	22
2025	0	22
2026	0	22
2027	0	85
2028	0	22
2029	0	22
2030	0	88
2031	0	22
2032	0	90
2033	0	22
2034	0	89
2035	0	22
2036	0	92
2037	0	22
2038	0	88
2039	0	22
2040	0	95
2041	0	22
2042	0	88
2043	0	22
2044	0	88
2045	0	22
2046	0	89
2047	0	22
2048	0	88
2049	0	22
2050	0	95
2051	0	22
2052	0	87
2053	0	22
2054	0	91
2055	0	22
2056	0	88
2057	0	22
2058	0	89
2059	0	22
2060	0	88
2061	0	22
2062	0	90
2063	0	22
2064	0	87
2065	0	22
2066	0	87
2067	0	21
2068	0	23
2069	0	64
2070	0	51
2071	0	90
2072	0	21
2073	0	87
2074	0	21
2075	0	86
2076	0	21
2077	0	90
2078	0	21
2079	0	88
2080	0	20
2081	0	22
2082	0	91
2083	0	22
2084	0	86
2085	0	21
2086	0	90
2087	0	22
2088	0	86
2089	0	21
2090	0	64
2091	0	60
2092	0	91
2093	0	21
2094	0	21
2095	0	64
2096	0	52
2097	0	93
2098	0	17
2099	0	94
2100	0	16
2101	0	64
2102	0	49
2103	0	22
2104	0	85
2105	0	51
2106	0	93
2107	0	17
2108	0	93
2109	0	16
2110	0	93
2111	0	16
2112	0	85
2113	0	16
2114	0	17
2115	0	87
2116	0	17
2117	0	64
2118	0	49
2119	0	93
2120	0	15
2121	0	93
2122	0	14
2123	0	16
2124	0	85
2125	0	16
2126	0	93
2127	0	16
2128	0	87
2129	0	94
2130	0	15
2131	0	15
2132	0	16
2133	0	16
2134	0	16
2135	0	50
2136	0	49
2137	0	50
2138	0	56
2139	0	16
2140	0	45
2141	0	22
2142	0	43
2143	0	16
2144	0	44
2145	0	15
2146	0	16
2147	0	44
2148	0	16
2149	0	44
2150	0	15
2151	0	17
2152	0	44
2153	0	45
2154	0	16
2155	0	16
2156	0	15
2157	0	16
2158	0	16
2159	0	17
2160	0	43
2161	0	15
2162	0	44
2163	0	15
2164	0	44
2165	0	15
2166	0	16
2167	0	22
2168	0	13
2169	0	15
2170	0	16
2171	0	15
2172	0	16
2173	0	46
2174	0	44
2175	0	44
2176	0	14
2177	0	16
2178	0	16
2179	0	14
2180	0	15
2181	0	14
2182	0	14
2183	0	15
2184	0	42
2185	0	13
2186	0	14
2187	0	14
2188	0	16
2189	0	13
2190	0	14
2191	0	14
2192	0	14
2193	0	83
2194	0	13
2195	0	91
2196	0	14
2197	0	92
2198	0	13
2199	0	92
2200	0	14
2201	0	91
2202	0	14
2203	0	86
2204	0	13
2205	0	91
2206	0	13
2207	0	84
2208	0	14
2209	0	83
2210	0	13
2211	0	91
2212	0	13
2213	0	91
2214	0	13
2215	0	91
2216	0	14
2217	0	91
2218	0	13
2219	0	87
2220	0	12
2221	0	91
2222	0	13
2223	0	84
2224	0	12
2225	0	91
2226	0	13
2227	0	92
2228	0	20
2229	0	88
2230	0	13
2231	0	89
2232	0	12
2233	0	93
2234	0	13
2235	0	86
2236	0	12
2237	0	50
2238	0	90
2239	0	13
2240	0	86
2241	0	12
2242	0	92
2243	0	12
2244	0	93
2245	0	13
2246	0	63
2247	0	50
2248	0	89
2249	0	13
2250	0	17
2251	0	81
2252	0	89
2253	0	14
2254	0	13
2255	0	13
2256	0	13
2257	0	14
2258	0	85
2259	0	24
2260	0	92
2261	0	17
2262	0	88
2263	0	16
2264	0	92
2265	0	14
2266	0	91
2267	0	13
2268	0	88
2269	0	12
2270	0	92
2271	0	13
2272	0	95
2273	0	17
2274	0	81
2275	0	16
2276	0	92
2277	0	14
2278	0	91
2279	0	16
2280	0	89
2281	0	14
2282	0	92
2283	0	18
2284	0	90
2285	0	17
2286	0	84
2287	0	16
2288	0	91
2289	0	16
2290	0	91
2291	0	14
2292	0	91
2293	0	18
2294	0	85
2295	0	14
2296	0	52
2297	0	44
2298	0	50
2299	0	51
2300	0	13
2301	0	18
2302	0	13
2303	0	85
2304	0	52
2305	0	89
2306	0	16
2307	0	91
2308	0	14
2309	0	92
2310	0	12
2311	0	93
2312	0	14
2313	0	93
2314	0	18
2315	0	88
2316	0	17
2317	0	62
2318	0	49
2319	0	50
2320	0	18
2321	0	45
2322	0	17
2323	0	49
2324	0	26
2325	0	87
2326	0	18
2327	0	91
2328	0	16
2329	0	92
2330	0	17
2331	0	85
2332	0	17
2333	0	93
2334	0	17
2335	0	90
2336	0	17
2337	0	93
2338	0	17
2339	0	92
2340	0	17
2341	0	86
2342	0	18
2343	0	92
2344	0	17
2345	0	92
2346	0	17
2347	0	86
2348	0	19
2349	0	91
2350	0	18
2351	0	92
2352	0	17
2353	0	93
2354	0	19
2355	0	87
2356	0	22
2357	0	86
2358	0	22
2359	0	87
2360	0	22
2361	0	87
2362	0	23
2363	0	91
2364	0	22
2365	0	86
2366	0	22
2367	0	90
2368	0	22
2369	0	22
2370	0	93
2371	0	59
2372	0	89
2373	0	23
2374	0	52
2375	0	53
2376	0	51
2377	0	22
2378	0	22
2379	0	22
2380	0	22
2381	0	85
2382	0	22
2383	0	23
2384	0	86
2385	0	23
2386	0	88
2387	0	23
2388	0	64
2389	0	23
2390	0	64
2391	0	51
2392	0	93
2393	0	22
2394	0	87
2395	0	22
2396	0	22
2397	0	64
2398	0	94
2399	0	21
2400	0	21
2401	0	21
2402	0	22
2403	0	86
2404	0	21
2405	0	87
2406	0	21
2407	0	85
2408	0	21
2409	0	88
2410	0	22
2411	0	89
2412	0	22
2413	0	92
2414	0	23
2415	0	89
2416	0	23
2417	0	95
2418	0	23
2419	0	86
2420	0	25
2421	0	89
2422	0	23
2423	0	92
2424	0	25
2425	0	93
2426	0	22
2427	0	52
2428	0	45
2429	0	16
2430	0	26
2431	0	91
2432	0	16
2433	0	50
2434	0	16
2435	0	24
2436	0	64
2437	0	45
2438	0	16
2439	0	17
2440	0	65
2441	0	45
2442	0	47
2443	0	16
2444	0	95
2445	0	16
2446	0	16
2447	0	54
2448	0	93
2449	0	45
2450	0	21
2451	0	16
2452	0	52
2453	0	86
2454	0	22
2455	0	45
2456	0	17
2457	0	17
2458	0	91
2459	0	18
2460	0	45
2461	0	21
2462	0	92
2463	0	17
2464	0	18
2465	0	44
2466	0	18
2467	0	44
2468	0	22
2469	0	44
2470	0	54
2471	0	53
2472	0	48
2473	0	21
2474	0	44
2475	0	21
2476	0	45
2477	0	62
2478	0	50
2479	0	86
2480	0	22
2481	0	47
2482	0	54
2483	0	49
2484	0	22
2485	0	92
2486	0	20
2487	0	22
2488	0	45
2489	0	93
2490	0	22
2491	0	45
2492	0	22
2493	0	86
2494	0	22
2495	0	46
2496	0	21
2497	0	52
2498	0	86
2499	0	51
2500	0	22
2501	0	47
2502	0	65
2503	0	49
2504	0	22
2505	0	65
2506	0	94
2507	0	47
2508	0	22
2509	0	49
2510	0	23
2511	0	94
2512	0	21
2513	0	65
2514	0	51
2515	0	50
2516	0	23
2517	0	87
2518	0	22
2519	0	22
2520	0	64
2521	0	65
2522	0	49
2523	0	52
2524	0	60
2525	0	49
2526	0	24
2527	0	47
2528	0	22
2529	0	46
2530	0	21
2531	0	48
2532	0	50
2533	0	59
2534	0	50
2535	0	50
2536	0	51
2537	0	59
2538	0	50
2539	0	50
2540	0	60
2541	0	50
2542	0	51
2543	0	61
2544	0	51
2545	0	62
2546	0	93
2547	0	28
2548	0	52
2549	0	50
2550	0	49
2551	0	20
2552	0	28
2553	0	87
2554	0	23
2555	0	87
2556	0	28
2557	0	88
2558	0	22
2559	0	62
2560	0	51
2561	0	88
2562	0	23
2563	0	48
2564	0	49
2565	0	23
2566	0	45
2567	0	52
2568	0	60
2569	0	94
2570	0	23
2571	0	92
2572	0	23
2573	0	86
2574	0	22
2575	0	88
2576	0	22
2577	0	56
2578	0	22
2579	0	89
2580	0	23
2581	0	88
2582	0	21
2583	0	22
2584	0	88
2585	0	94
2586	0	17
2587	0	18
2588	0	17
2589	0	17
2590	0	17
2591	0	17
2592	0	17
2593	0	19
2594	0	42
2595	0	17
2596	0	43
2597	0	45
2598	0	49
2599	0	43
2600	0	20
2601	0	12
2602	0	46
2603	0	45
2604	0	59
2605	0	43
2606	0	19
2607	0	11
2608	0	46
2609	0	45
2610	0	14
2611	0	92
2612	0	12
2613	0	94
2614	0	12
2615	0	92
2616	0	19
2617	0	13
2618	0	87
2619	0	88
2620	0	12
2621	0	17
2622	0	11
2623	0	50
2624	0	45
2625	0	90
2626	0	14
2627	0	87
2628	0	13
2629	0	90
2630	0	19
2631	0	88
2632	0	13
2633	0	89
2634	0	14
2635	0	89
2636	0	55
2637	0	88
2638	0	16
2639	0	87
2640	0	14
2641	0	91
2642	0	14
2643	0	91
2644	0	13
2645	0	16
2646	0	62
2647	0	13
2648	0	63
2649	0	47
2650	0	89
2651	0	13
2652	0	22
2653	0	13
2654	0	90
2655	0	92
2656	0	16
2657	0	17
2658	0	16
2659	0	17
2660	0	17
2661	0	22
2662	0	13
2663	0	62
2664	0	48
2665	0	88
2666	0	92
2667	0	16
2668	0	17
2669	0	17
2670	0	17
2671	0	62
2672	0	15
2673	0	91
2674	0	16
2675	0	92
2676	0	15
2677	0	24
2678	0	64
2679	0	50
2680	0	90
2681	0	17
2682	0	88
2683	0	17
2684	0	92
2685	0	17
2686	0	92
2687	0	17
2688	0	92
2689	0	17
2690	0	87
2691	0	17
2692	0	87
2693	0	17
2694	0	92
2695	0	17
2696	0	87
2697	0	17
2698	0	59
2699	0	49
2700	0	46
2701	0	17
2702	0	47
2703	0	21
2704	0	88
2705	0	17
2706	0	22
2707	0	17
2708	0	93
2709	0	92
2710	0	17
2711	0	20
2712	0	17
2713	0	22
2714	0	62
2715	0	48
2716	0	90
2717	0	20
2718	0	86
2719	0	18
2720	0	23
2721	0	64
2722	0	94
2723	0	19
2724	0	24
2725	0	48
2726	0	48
2727	0	62
2728	0	50
2729	0	25
2730	0	49
2731	0	48
2732	0	23
2733	0	52
2734	0	47
2735	0	19
2736	0	25
2737	0	49
2738	0	47
2739	0	19
2740	0	25
2741	0	50
2742	0	48
2743	0	20
2744	0	52
2745	0	47
2746	0	19
2747	0	20
2748	0	20
2749	0	20
2750	0	20
2751	0	85
2752	0	25
2753	0	87
2754	0	24
2755	0	93
2756	0	25
2757	0	96
2758	0	20
2759	0	89
2760	0	25
2761	0	94
2762	0	20
2763	0	87
2764	0	20
2765	0	86
2766	0	20
2767	0	90
2768	0	20
2769	0	87
2770	0	20
2771	0	85
2772	0	20
2773	0	92
2774	0	19
2775	0	86
2776	0	19
2777	0	92
2778	0	19
2779	0	87
2780	0	19
2781	0	86
2782	0	19
2783	0	90
2784	0	19
2785	0	86
2786	0	19
2787	0	20
2788	0	92
2789	0	95
2790	0	18
2791	0	19
2792	0	19
2793	0	19
2794	0	19
2795	0	20
2796	0	83
2797	0	19
2798	0	60
2799	0	90
2800	0	19
2801	0	19
2802	0	19
2803	0	19
2804	0	85
2805	0	19
2806	0	86
2807	0	19
2808	0	86
2809	0	19
2810	0	86
2811	0	19
2812	0	87
2813	0	19
2814	0	88
2815	0	19
2816	0	85
2817	0	19
2818	0	89
2819	0	19
2820	0	84
2821	0	19
2822	0	86
2823	0	19
2824	0	88
2825	0	20
2826	0	85
2827	0	19
2828	0	88
2829	0	21
2830	0	92
2831	0	19
2832	0	84
2833	0	22
2834	0	92
2835	0	19
2836	0	86
2837	0	22
2838	0	92
2839	0	18
2840	0	19
2841	0	87
2842	0	58
2843	0	92
2844	0	51
2845	0	24
2846	0	60
2847	0	51
2848	0	92
2849	0	16
2850	0	85
2851	0	22
2852	0	91
2853	0	16
2854	0	18
2855	0	81
2856	0	17
2857	0	64
2858	0	46
2859	0	90
2860	0	14
2861	0	92
2862	0	13
2863	0	17
2864	0	83
2865	0	17
2866	0	91
2867	0	17
2868	0	61
2869	0	48
2870	0	91
2871	0	17
2872	0	18
2873	0	84
2874	0	62
2875	0	48
2876	0	89
2877	0	18
2878	0	91
2879	0	18
2880	0	63
2881	0	18
2882	0	92
2883	0	21
2884	0	51
2885	0	51
2886	0	61
2887	0	50
2888	0	22
2889	0	20
2890	0	52
2891	0	51
2892	0	95
2893	0	21
2894	0	86
2895	0	21
2896	0	64
2897	0	50
2898	0	52
2899	0	60
2900	0	49
2901	0	21
2902	0	26
2903	0	64
2904	0	26
2905	0	90
2906	0	60
2907	0	95
2908	0	22
2909	0	49
2910	0	21
2911	0	22
2912	0	22
2913	0	88
2914	0	22
2915	0	26
2916	0	51
2917	0	26
2918	0	48
2919	0	51
2920	0	96
2921	0	25
2922	0	51
2923	0	49
2924	0	52
2925	0	24
2926	0	26
2927	0	95
2928	0	24
2929	0	88
2930	0	26
2931	0	93
2932	0	25
2933	0	92
2934	0	25
2935	0	93
2936	0	25
2937	0	92
2938	0	25
2939	0	92
2940	0	25
2941	0	92
2942	0	24
2943	0	88
2944	0	24
2945	0	87
2946	0	24
2947	0	92
2948	0	25
2949	0	92
2950	0	24
2951	0	90
2952	0	25
2953	0	92
2954	0	23
2955	0	62
2956	0	50
2957	0	23
2958	0	26
2959	0	62
2960	0	89
2961	0	23
2962	0	27
2963	0	21
2964	0	23
2965	0	21
2966	0	51
2967	0	90
2968	0	21
2969	0	50
2970	0	21
2971	0	21
2972	0	21
2973	0	91
2974	0	20
2975	0	21
2976	0	26
2977	0	49
2978	0	21
2979	0	91
2980	0	20
2981	0	49
2982	0	20
2983	0	21
2984	0	21
2985	0	93
2986	0	20
2987	0	26
2988	0	95
2989	0	21
2990	0	91
2991	0	20
2992	0	92
2993	0	21
2994	0	88
2995	0	20
2996	0	95
2997	0	20
2998	0	90
2999	0	20
3000	0	93
3001	0	19
3002	0	91
3003	0	19
3004	0	93
3005	0	19
3006	0	87
3007	0	19
3008	0	94
3009	0	19
3010	0	89
3011	0	19
3012	0	94
3013	0	19
3014	0	93
3015	0	18
3016	0	88
3017	0	19
3018	0	93
3019	0	18
3020	0	93
3021	0	17
3022	0	88
3023	0	19
3024	0	91
3025	0	17
3026	0	94
3027	0	16
3028	0	87
3029	0	19
3030	0	95
3031	0	16
3032	0	93
3033	0	16
3034	0	87
3035	0	18
3036	0	94
3037	0	16
3038	0	94
3039	0	16
3040	0	94
3041	0	15
3042	0	50
3043	0	93
3044	0	16
3045	0	88
3046	0	17
3047	0	93
3048	0	16
3049	0	94
3050	0	15
3051	0	64
3052	0	16
3053	0	94
3054	0	15
3055	0	88
3056	0	16
3057	0	92
3058	0	15
3059	0	85
3060	0	17
3061	0	94
3062	0	15
3063	0	93
3064	0	13
3065	0	50
3066	0	90
3067	0	13
3068	0	85
3069	0	12
3070	0	92
3071	0	12
3072	0	64
3073	0	12
3074	0	95
3075	0	50
3076	0	12
3077	0	95
3078	0	12
3079	0	89
3080	0	12
3081	0	62
3082	0	94
3083	0	12
3084	0	16
3085	0	11
3086	0	12
3087	0	18
3088	0	11
3089	0	88
3090	0	12
3091	0	92
3092	0	12
3093	0	92
3094	0	12
3095	0	95
3096	0	87
3097	0	11
3098	0	12
3099	0	17
3100	0	11
3101	0	12
3102	0	54
3103	0	12
3104	0	46
3105	0	46
3106	0	12
3107	0	20
3108	0	11
3109	0	11
3110	0	19
3111	0	11
3112	0	11
3113	0	17
3114	0	11
3115	0	12
3116	0	16
3117	0	11
3118	0	12
3119	0	44
3120	0	11
3121	0	46
3122	0	19
3123	0	11
3124	0	47
3125	0	44
3126	0	13
3127	0	61
3128	0	46
3129	0	27
3130	0	50
3131	0	50
3132	0	12
3133	0	18
3134	0	11
3135	0	48
3136	0	44
3137	0	54
3138	0	44
3139	0	53
3140	0	14
3141	0	48
3142	0	52
3143	0	13
3144	0	50
3145	0	52
3146	0	47
3147	0	46
3148	0	46
3149	0	48
3150	0	50
3151	0	14
3152	0	52
3153	0	52
3154	0	48
3155	0	46
3156	0	47
3157	0	48
3158	0	52
3159	0	52
3160	0	48
3161	0	46
3162	0	50
3163	0	52
3164	0	52
3165	0	48
3166	0	48
3167	0	50
3168	0	52
3169	0	48
3170	0	50
3171	0	52
3172	0	52
3173	0	48
3174	0	48
3175	0	52
3176	0	52
3177	0	48
3178	0	48
3179	0	52
3180	0	52
3181	0	48
3182	0	60
3183	0	48
3184	0	55
3185	0	48
3186	0	49
3187	0	52
3188	0	50
3189	0	49
3190	0	54
3191	0	48
3192	0	55
3193	0	48
3194	0	47
3195	0	15
3196	0	55
3197	0	47
3198	0	48
3199	0	52
3200	0	49
3201	0	47
3202	0	23
3203	0	13
3204	0	55
3205	0	46
3206	0	56
3207	0	45
3208	0	18
3209	0	44
3210	0	47
3211	0	18
3212	0	18
3213	0	51
3214	0	41
3215	0	19
3216	0	47
3217	0	47
3218	0	19
3219	0	18
3220	0	19
3221	0	19
3222	0	19
3223	0	20
3224	0	61
3225	0	49
3226	0	89
3227	0	19
3228	0	85
3229	0	19
3230	0	85
3231	0	19
3232	0	88
3233	0	19
3234	0	62
3235	0	48
3236	0	91
3237	0	16
3238	0	19
3239	0	83
3240	0	19
3241	0	87
3242	0	20
3243	0	90
3244	0	19
3245	0	92
3246	0	19
3247	0	87
3248	0	20
3249	0	85
3250	0	20
3251	0	90
3252	0	19
3253	0	86
3254	0	20
3255	0	92
3256	0	19
3257	0	93
3258	0	19
3259	0	86
3260	0	19
3261	0	90
3262	0	19
3263	0	86
3264	0	19
3265	0	92
3266	0	19
3267	0	86
3268	0	19
3269	0	92
3270	0	18
3271	0	87
3272	0	19
3273	0	20
3274	0	93
3275	0	94
3276	0	17
3277	0	19
3278	0	18
3279	0	19
3280	0	19
3281	0	19
3282	0	82
3283	0	19
3284	0	85
3285	0	19
3286	0	86
3287	0	18
3288	0	19
3289	0	61
3290	0	92
3291	0	17
3292	0	18
3293	0	18
3294	0	18
3295	0	19
3296	0	84
3297	0	19
3298	0	85
3299	0	19
3300	0	85
3301	0	19
3302	0	87
3303	0	19
3304	0	90
3305	0	19
3306	0	86
3307	0	19
3308	0	91
3309	0	19
3310	0	87
3311	0	19
3312	0	85
3313	0	21
3314	0	90
3315	0	19
3316	0	91
3317	0	19
3318	0	86
3319	0	20
3320	0	92
3321	0	19
3322	0	92
3323	0	18
3324	0	86
3325	0	19
3326	0	86
3327	0	19
3328	0	87
3329	0	20
3330	0	85
3331	0	20
3332	0	86
3333	0	19
3334	0	91
3335	0	18
3336	0	87
3337	0	19
3338	0	85
3339	0	19
3340	0	92
3341	0	18
3342	0	86
3343	0	14
3344	0	85
3345	0	12
3346	0	92
3347	0	14
3348	0	91
3349	0	13
3350	0	95
3351	0	13
3352	0	86
3353	0	12
3354	0	92
3355	0	14
3356	0	91
3357	0	12
3358	0	56
3359	0	50
3360	0	43
3361	0	47
3362	0	20
3363	0	11
3364	0	45
3365	0	21
3366	0	42
3367	0	19
3368	0	43
3369	0	45
3370	0	20
3371	0	11
3372	0	44
3373	0	45
3374	0	19
3375	0	11
3376	0	18
3377	0	11
3378	0	43
3379	0	22
3380	0	43
3381	0	12
3382	0	44
3383	0	21
3384	0	12
3385	0	15
3386	0	44
3387	0	22
3388	0	42
3389	0	15
3390	0	15
3391	0	43
3392	0	22
3393	0	43
3394	0	14
3395	0	15
3396	0	43
3397	0	23
3398	0	45
3399	0	14
3400	0	48
3401	0	14
3402	0	48
3403	0	15
3404	0	48
3405	0	47
3406	0	14
3407	0	15
3408	0	14
3409	0	15
3410	0	15
3411	0	15
3412	0	88
3413	0	92
3414	0	14
3415	0	20
3416	0	14
3417	0	44
3418	0	15
3419	0	17
3420	0	49
3421	0	48
3422	0	54
3423	0	44
3424	0	22
3425	0	14
3426	0	46
3427	0	22
3428	0	43
3429	0	18
3430	0	43
3431	0	15
3432	0	43
3433	0	15
3434	0	23
3435	0	14
3436	0	48
3437	0	23
3438	0	45
3439	0	22
3440	0	42
3441	0	18
3442	0	42
3443	0	14
3444	0	22
3445	0	14
3446	0	48
3447	0	48
3448	0	54
3449	0	49
3450	0	24
3451	0	14
3452	0	49
3453	0	52
3454	0	22
3455	0	49
3456	0	48
3457	0	52
3458	0	53
3459	0	51
3460	0	22
3461	0	49
3462	0	47
3463	0	52
3464	0	52
3465	0	52
3466	0	52
3467	0	52
3468	0	52
3469	0	52
3470	0	52
3471	0	52
3472	0	52
3473	0	59
3474	0	50
3475	0	50
3476	0	52
3477	0	54
3478	0	51
3479	0	52
3480	0	52
3481	0	52
3482	0	52
3483	0	52
3484	0	52
3485	0	59
3486	0	49
3487	0	49
3488	0	51
3489	0	53
3490	0	52
3491	0	52
3492	0	52
3493	0	52
3494	0	52
3495	0	24
3496	0	45
3497	0	52
3498	0	53
3499	0	50
3500	0	24
3501	0	44
3502	0	18
3503	0	41
3504	0	50
3505	0	23
3506	0	15
3507	0	17
3508	0	19
3509	0	17
3510	0	18
3511	0	18
3512	0	17
3513	0	16
3514	0	16
3515	0	16
3516	0	15
3517	0	16
3518	0	42
3519	0	14
3520	0	42
3521	0	14
3522	0	44
3523	0	50
3524	0	50
3525	0	43
3526	0	48
3527	0	49
3528	0	14
3529	0	47
3530	0	25
3531	0	50
3532	0	49
3533	0	14
3534	0	19
3535	0	12
3536	0	14
3537	0	84
3538	0	14
3539	0	61
3540	0	14
3541	0	92
3542	0	14
3543	0	63
3544	0	90
3545	0	13
3546	0	14
3547	0	47
3548	0	47
3549	0	14
3550	0	92
3551	0	13
3552	0	88
3553	0	14
3554	0	91
3555	0	14
3556	0	88
3557	0	14
3558	0	64
3559	0	50
3560	0	54
3561	0	52
3562	0	45
3563	0	14
3564	0	46
3565	0	22
3566	0	13
3567	0	91
3568	0	13
3569	0	91
3570	0	13
3571	0	87
3572	0	13
3573	0	91
3574	0	13
3575	0	89
3576	0	13
3577	0	95
3578	0	13
3579	0	95
3580	0	13
3581	0	87
3582	0	13
3583	0	96
3584	0	13
3585	0	95
3586	0	12
3587	0	95
3588	0	12
3589	0	96
3590	0	12
3591	0	90
3592	0	13
3593	0	59
3594	0	51
3595	0	53
3596	0	47
3597	0	18
3598	0	13
3599	0	20
3600	0	11
3601	0	18
3602	0	13
3603	0	20
3604	0	12
3605	0	83
3606	0	94
3607	0	13
3608	0	18
3609	0	12
3610	0	20
3611	0	12
3612	0	44
3613	0	19
3614	0	42
3615	0	19
3616	0	44
3617	0	19
3618	0	13
3619	0	49
3620	0	13
3621	0	43
3622	0	13
3623	0	45
3624	0	21
3625	0	43
3626	0	18
3627	0	42
3628	0	13
3629	0	43
3630	0	12
3631	0	19
3632	0	11
3633	0	20
3634	0	11
3635	0	18
3636	0	12
3637	0	19
3638	0	11
3639	0	82
3640	0	89
3641	0	13
3642	0	18
3643	0	11
3644	0	19
3645	0	11
3646	0	43
3647	0	43
3648	0	19
3649	0	11
3650	0	49
3651	0	12
3652	0	41
3653	0	44
3654	0	19
3655	0	10
3656	0	17
3657	0	11
3658	0	18
3659	0	10
3660	0	12
3661	0	51
3662	0	44
3663	0	12
3664	0	43
3665	0	12
3666	0	48
3667	0	44
3668	0	17
3669	0	9
3670	0	17
3671	0	9
3672	0	18
3673	0	10
3674	0	43
3675	0	41
3676	0	19
3677	0	11
3678	0	46
3679	0	49
3680	0	12
3681	0	50
3682	0	11
3683	0	44
3684	0	50
3685	0	10
3686	0	12
3687	0	17
3688	0	9
3689	0	11
3690	0	52
3691	0	46
3692	0	44
3693	0	11
3694	0	49
3695	0	12
3696	0	48
3697	0	12
3698	0	47
3699	0	47
3700	0	11
3701	0	12
3702	0	12
3703	0	12
3704	0	13
3705	0	87
3706	0	87
3707	0	11
3708	0	13
3709	0	12
3710	0	13
3711	0	42
3712	0	45
3713	0	52
3714	0	12
3715	0	47
3716	0	45
3717	0	12
3718	0	13
3719	0	13
3720	0	12
3721	0	13
3722	0	13
3723	0	13
3724	0	86
3725	0	90
3726	0	11
3727	0	14
3728	0	14
3729	0	13
3730	0	42
3731	0	13
3732	0	47
3733	0	50
3734	0	12
3735	0	14
3736	0	18
3737	0	11
3738	0	13
3739	0	14
3740	0	13
3741	0	13
3742	0	84
3743	0	13
3744	0	86
3745	0	22
3746	0	87
3747	0	13
3748	0	92
3749	0	12
3750	0	91
3751	0	13
3752	0	92
3753	0	13
3754	0	93
3755	0	18
3756	0	87
3757	0	23
3758	0	90
3759	0	13
3760	0	90
3761	0	12
3762	0	91
3763	0	13
3764	0	84
3765	0	22
3766	0	88
3767	0	17
3768	0	85
3769	0	14
3770	0	92
3771	0	13
3772	0	92
3773	0	14
3774	0	92
3775	0	21
3776	0	88
3777	0	21
3778	0	89
3779	0	22
3780	0	90
3781	0	20
3782	0	85
3783	0	15
3784	0	92
3785	0	14
3786	0	59
3787	0	49
3788	0	51
3789	0	14
3790	0	43
3791	0	21
3792	0	91
3793	0	15
3794	0	22
3795	0	14
3796	0	49
3797	0	43
3798	0	21
3799	0	13
3800	0	49
3801	0	52
3802	0	49
3803	0	43
3804	0	92
3805	0	86
3806	0	15
3807	0	15
3808	0	15
3809	0	16
3810	0	91
3811	0	14
3812	0	81
3813	0	13
3814	0	84
3815	0	14
3816	0	91
3817	0	14
3818	0	90
3819	0	14
3820	0	50
3821	0	49
3822	0	47
3823	0	49
3824	0	13
3825	0	15
3826	0	9
3827	0	41
3828	0	47
3829	0	54
3830	0	45
3831	0	48
3832	0	13
3833	0	9
3834	0	13
3835	0	9
3836	0	12
3837	0	9
3838	0	12
3839	0	8
3840	0	12
3841	0	8
3842	0	12
3843	0	8
3844	0	12
3845	0	8
3846	0	40
3847	0	8
3848	0	45
3849	0	19
3850	0	41
3851	0	10
3852	0	13
3853	0	9
3854	0	40
3855	0	19
3856	0	44
3857	0	11
3858	0	45
3859	0	19
3860	0	10
3861	0	45
3862	0	48
3863	0	11
3864	0	13
3865	0	17
3866	0	9
3867	0	12
3868	0	47
3869	0	48
3870	0	12
3871	0	17
3872	0	10
3873	0	22
3874	0	11
3875	0	41
3876	0	11
3877	0	47
3878	0	12
3879	0	48
3880	0	11
3881	0	49
3882	0	12
3883	0	49
3884	0	12
3885	0	18
3886	0	9
3887	0	17
3888	0	11
3889	0	18
3890	0	9
3891	0	17
3892	0	11
3893	0	19
3894	0	10
3895	0	47
3896	0	42
3897	0	18
3898	0	11
3899	0	48
3900	0	11
3901	0	42
3902	0	18
3903	0	42
3904	0	18
3905	0	19
3906	0	11
3907	0	48
3908	0	41
3909	0	18
3910	0	10
3911	0	18
3912	0	9
3913	0	18
3914	0	9
3915	0	84
3916	0	13
3917	0	92
3918	0	17
3919	0	89
3920	0	18
3921	0	60
3922	0	17
3923	0	94
3924	0	16
3925	0	88
3926	0	17
3927	0	93
3928	0	16
3929	0	89
3930	0	17
3931	0	93
3932	0	16
3933	0	87
3934	0	18
3935	0	88
3936	0	17
3937	0	84
3938	0	16
3939	0	90
3940	0	16
3941	0	91
3942	0	16
3943	0	86
3944	0	17
3945	0	90
3946	0	13
3947	0	91
3948	0	11
3949	0	92
3950	0	12
3951	0	92
3952	0	16
3953	0	50
3954	0	85
3955	0	18
3956	0	85
3957	0	13
3958	0	86
3959	0	12
3960	0	91
3961	0	12
3962	0	61
3963	0	49
3964	0	90
3965	0	12
3966	0	18
3967	0	12
3968	0	84
3969	0	91
3970	0	16
3971	0	16
3972	0	12
3973	0	17
3974	0	10
3975	0	17
3976	0	10
3977	0	23
3978	0	12
3979	0	81
3980	0	17
3981	0	84
3982	0	62
3983	0	44
3984	0	86
3985	0	14
3986	0	61
3987	0	12
3988	0	91
3989	0	13
3990	0	92
3991	0	14
3992	0	90
3993	0	16
3994	0	88
3995	0	13
3996	0	90
3997	0	13
3998	0	92
3999	0	14
4000	0	85
