#       x-coordinate        y-coordinate
0.5	0.336588
0.498435	0.341332
0.49505	0.34501
0.49099	0.347927
0.486628	0.350371
0.482102	0.352497
0.477476	0.354394
0.472782	0.356114
0.46804	0.357695
0.463261	0.359162
0.458455	0.360534
0.453627	0.361823
0.44878	0.363041
0.443919	0.364197
0.439045	0.365298
0.43416	0.366348
0.429267	0.367353
0.424365	0.368318
0.419456	0.369244
0.414541	0.370136
0.40962	0.370995
0.404694	0.371824
0.399764	0.372626
0.394829	0.373401
0.389891	0.374151
0.38495	0.374878
0.380005	0.375583
0.375058	0.376266
0.370108	0.37693
0.365155	0.377575
0.3602	0.378202
0.355243	0.378811
0.350284	0.379403
0.345323	0.37998
0.34036	0.380541
0.335396	0.381087
0.33043	0.381619
0.325463	0.382136
0.320494	0.382641
0.315524	0.383133
0.310553	0.383612
0.305581	0.384078
0.300607	0.384533
0.295633	0.384977
0.290657	0.385409
0.28568	0.38583
0.280703	0.38624
0.275725	0.386641
0.270746	0.38703
0.265766	0.38741
0.260785	0.387781
0.255803	0.388141
0.250821	0.388492
0.245839	0.388835
0.240855	0.389168
0.235871	0.389492
0.230887	0.389808
0.225901	0.390115
0.220916	0.390414
0.21593	0.390704
0.210943	0.390987
0.205956	0.391261
0.200968	0.391528
0.19598	0.391787
0.190991	0.392038
0.186003	0.392282
0.181013	0.392518
0.176024	0.392747
0.171034	0.392969
0.166043	0.393183
0.161053	0.39339
0.156062	0.39359
0.151071	0.393784
0.146079	0.39397
0.141087	0.39415
0.136095	0.394323
0.131103	0.394489
0.12611	0.394648
0.121118	0.394801
0.116125	0.394947
0.111132	0.395087
0.106138	0.395221
0.101145	0.395348
0.096151	0.395468
0.091157	0.395582
0.086163	0.39569
0.081169	0.395792
0.076174	0.395888
0.07118	0.395977
0.066185	0.39606
0.061191	0.396137
0.056196	0.396208
0.051201	0.396273
0.046206	0.396331
0.041211	0.396384
0.036216	0.39643
0.031221	0.396471
0.026226	0.396505
0.02123	0.396534
0.016235	0.396556
0.01124	0.396573
0.006245	0.396583
0.001249	0.396588
-0.003746	0.396586
-0.008741	0.396579
-0.013737	0.396565
-0.018732	0.396546
-0.023727	0.39652
-0.028722	0.396489
-0.033718	0.396451
-0.038713	0.396408
-0.043708	0.396358
-0.048703	0.396303
-0.053698	0.396241
-0.058693	0.396173
-0.063687	0.396099
-0.068682	0.396019
-0.073676	0.395933
-0.078671	0.395841
-0.083665	0.395742
-0.088659	0.395637
-0.093653	0.395526
-0.098647	0.395409
-0.103641	0.395285
-0.108634	0.395155
-0.113627	0.395018
-0.11862	0.394875
-0.123613	0.394725
-0.128606	0.394569
-0.133598	0.394407
-0.13859	0.394237
-0.143582	0.394061
-0.148574	0.393878
-0.153565	0.393688
-0.158556	0.393491
-0.163547	0.393288
-0.168538	0.393077
-0.173528	0.392859
-0.178518	0.392633
-0.183507	0.392401
-0.188496	0.392161
-0.193485	0.391914
-0.198473	0.391659
-0.203461	0.391396
-0.208448	0.391125
-0.213435	0.390847
-0.218421	0.39056
-0.223407	0.390266
-0.228393	0.389963
-0.233378	0.389651
-0.238362	0.389331
-0.243346	0.389002
-0.248329	0.388665
-0.253311	0.388318
-0.258293	0.387962
-0.263274	0.387597
-0.268254	0.387222
-0.273234	0.386837
-0.278212	0.386442
-0.28319	0.386037
-0.288167	0.385621
-0.293143	0.385194
-0.298118	0.384757
-0.303093	0.384307
-0.308065	0.383847
-0.313037	0.383374
-0.318008	0.382889
-0.322977	0.382391
-0.327945	0.381879
-0.332912	0.381355
-0.337877	0.380816
-0.34284	0.380262
-0.347802	0.379694
-0.352762	0.379109
-0.35772	0.378508
-0.362676	0.377891
-0.36763	0.377255
-0.372581	0.376601
-0.37753	0.375927
-0.382476	0.375233
-0.387419	0.374518
-0.392359	0.373779
-0.397296	0.373017
-0.402228	0.372229
-0.407156	0.371414
-0.412079	0.37057
-0.416997	0.369694
-0.42191	0.368786
-0.426815	0.367841
-0.431713	0.366857
-0.436603	0.365829
-0.441482	0.364754
-0.44635	0.363627
-0.451204	0.362441
-0.456042	0.361188
-0.46086	0.359859
-0.465653	0.358442
-0.470415	0.356921
-0.475135	0.355274
-0.479798	0.353471
-0.48438	0.351468
-0.488834	0.349197
-0.493071	0.346542
-0.496869	0.343292
-0.499567	0.339086
-0.499567	0.33409
-0.496869	0.329884
-0.493071	0.326634
-0.488834	0.323979
-0.48438	0.321708
-0.479798	0.319705
-0.475135	0.317902
-0.470415	0.316255
-0.465653	0.314734
-0.46086	0.313317
-0.456042	0.311988
-0.451204	0.310735
-0.44635	0.309549
-0.441482	0.308422
-0.436603	0.307347
-0.431713	0.306319
-0.426815	0.305335
-0.42191	0.30439
-0.416997	0.303482
-0.412079	0.302606
-0.407156	0.301762
-0.402228	0.300947
-0.397296	0.300159
-0.392359	0.299397
-0.387419	0.298658
-0.382476	0.297943
-0.37753	0.297249
-0.372581	0.296575
-0.36763	0.295921
-0.362676	0.295285
-0.35772	0.294668
-0.352762	0.294067
-0.347802	0.293482
-0.34284	0.292914
-0.337877	0.29236
-0.332912	0.291821
-0.327945	0.291297
-0.322977	0.290785
-0.318008	0.290287
-0.313037	0.289802
-0.308065	0.289329
-0.303093	0.288869
-0.298118	0.288419
-0.293143	0.287982
-0.288167	0.287555
-0.28319	0.287139
-0.278212	0.286734
-0.273234	0.286339
-0.268254	0.285954
-0.263274	0.285579
-0.258293	0.285214
-0.253311	0.284858
-0.248329	0.284511
-0.243346	0.284174
-0.238362	0.283845
-0.233378	0.283525
-0.228393	0.283213
-0.223407	0.28291
-0.218421	0.282616
-0.213435	0.282329
-0.208448	0.282051
-0.203461	0.28178
-0.198473	0.281517
-0.193485	0.281262
-0.188496	0.281015
-0.183507	0.280775
-0.178518	0.280543
-0.173528	0.280317
-0.168538	0.280099
-0.163547	0.279888
-0.158556	0.279685
-0.153565	0.279488
-0.148574	0.279298
-0.143582	0.279115
-0.13859	0.278939
-0.133598	0.278769
-0.128606	0.278607
-0.123613	0.278451
-0.11862	0.278301
-0.113627	0.278158
-0.108634	0.278021
-0.103641	0.277891
-0.098647	0.277767
-0.093653	0.27765
-0.088659	0.277539
-0.083665	0.277434
-0.078671	0.277335
-0.073676	0.277243
-0.068682	0.277157
-0.063687	0.277077
-0.058693	0.277003
-0.053698	0.276935
-0.048703	0.276873
-0.043708	0.276818
-0.038713	0.276768
-0.033718	0.276725
-0.028722	0.276687
-0.023727	0.276656
-0.018732	0.27663
-0.013737	0.276611
-0.008741	0.276597
-0.003746	0.27659
0.001249	0.276588
0.006245	0.276593
0.01124	0.276603
0.016235	0.27662
0.02123	0.276642
0.026226	0.276671
0.031221	0.276705
0.036216	0.276746
0.041211	0.276792
0.046206	0.276845
0.051201	0.276903
0.056196	0.276968
0.061191	0.277039
0.066185	0.277116
0.07118	0.277199
0.076174	0.277288
0.081169	0.277384
0.086163	0.277486
0.091157	0.277594
0.096151	0.277708
0.101145	0.277828
0.106138	0.277955
0.111132	0.278089
0.116125	0.278229
0.121118	0.278375
0.12611	0.278528
0.131103	0.278687
0.136095	0.278853
0.141087	0.279026
0.146079	0.279206
0.151071	0.279392
0.156062	0.279586
0.161053	0.279786
0.166043	0.279993
0.171034	0.280207
0.176024	0.280429
0.181013	0.280658
0.186003	0.280894
0.190991	0.281138
0.19598	0.281389
0.200968	0.281648
0.205956	0.281915
0.210943	0.282189
0.21593	0.282472
0.220916	0.282762
0.225901	0.283061
0.230887	0.283368
0.235871	0.283684
0.240855	0.284008
0.245839	0.284341
0.250821	0.284684
0.255803	0.285035
0.260785	0.285395
0.265766	0.285766
0.270746	0.286146
0.275725	0.286535
0.280703	0.286936
0.28568	0.287346
0.290657	0.287767
0.295633	0.288199
0.300607	0.288643
0.305581	0.289098
0.310553	0.289564
0.315524	0.290043
0.320494	0.290535
0.325463	0.29104
0.33043	0.291557
0.335396	0.292089
0.34036	0.292635
0.345323	0.293196
0.350284	0.293773
0.355243	0.294365
0.3602	0.294974
0.365155	0.295601
0.370108	0.296246
0.375058	0.29691
0.380005	0.297593
0.38495	0.298298
0.389891	0.299025
0.394829	0.299775
0.399764	0.30055
0.404694	0.301352
0.40962	0.302181
0.414541	0.30304
0.419456	0.303932
0.424365	0.304858
0.429267	0.305823
0.43416	0.306828
0.439045	0.307878
0.443919	0.308979
0.44878	0.310135
0.453627	0.311353
0.458455	0.312642
0.463261	0.314014
0.46804	0.315481
0.472782	0.317062
0.477476	0.318782
0.482102	0.320679
0.486628	0.322805
0.49099	0.325249
0.49505	0.328166
0.498435	0.331844
