#       x-coordinate        y-coordinate
0.5	-0.302721
0.498435	-0.297977
0.49505	-0.294299
0.49099	-0.291382
0.486628	-0.288938
0.482102	-0.286812
0.477476	-0.284915
0.472782	-0.283195
0.46804	-0.281614
0.463261	-0.280147
0.458455	-0.278775
0.453627	-0.277486
0.44878	-0.276268
0.443919	-0.275112
0.439045	-0.274011
0.43416	-0.272961
0.429267	-0.271956
0.424365	-0.270991
0.419456	-0.270065
0.414541	-0.269173
0.40962	-0.268314
0.404694	-0.267485
0.399764	-0.266683
0.394829	-0.265908
0.389891	-0.265158
0.38495	-0.264431
0.380005	-0.263726
0.375058	-0.263043
0.370108	-0.262379
0.365155	-0.261734
0.3602	-0.261107
0.355243	-0.260498
0.350284	-0.259906
0.345323	-0.259329
0.34036	-0.258768
0.335396	-0.258222
0.33043	-0.25769
0.325463	-0.257173
0.320494	-0.256668
0.315524	-0.256176
0.310553	-0.255697
0.305581	-0.255231
0.300607	-0.254776
0.295633	-0.254332
0.290657	-0.2539
0.28568	-0.253479
0.280703	-0.253069
0.275725	-0.252668
0.270746	-0.252279
0.265766	-0.251899
0.260785	-0.251528
0.255803	-0.251168
0.250821	-0.250817
0.245839	-0.250474
0.240855	-0.250141
0.235871	-0.249817
0.230887	-0.249501
0.225901	-0.249194
0.220916	-0.248895
0.21593	-0.248605
0.210943	-0.248322
0.205956	-0.248048
0.200968	-0.247781
0.19598	-0.247522
0.190991	-0.247271
0.186003	-0.247027
0.181013	-0.246791
0.176024	-0.246562
0.171034	-0.24634
0.166043	-0.246126
0.161053	-0.245919
0.156062	-0.245719
0.151071	-0.245525
0.146079	-0.245339
0.141087	-0.245159
0.136095	-0.244986
0.131103	-0.24482
0.12611	-0.244661
0.121118	-0.244508
0.116125	-0.244362
0.111132	-0.244222
0.106138	-0.244088
0.101145	-0.243961
0.096151	-0.243841
0.091157	-0.243727
0.086163	-0.243619
0.081169	-0.243517
0.076174	-0.243421
0.07118	-0.243332
0.066185	-0.243249
0.061191	-0.243172
0.056196	-0.243101
0.051201	-0.243036
0.046206	-0.242978
0.041211	-0.242925
0.036216	-0.242879
0.031221	-0.242838
0.026226	-0.242804
0.02123	-0.242775
0.016235	-0.242753
0.01124	-0.242736
0.006245	-0.242726
0.001249	-0.242721
-0.003746	-0.242723
-0.008741	-0.24273
-0.013737	-0.242744
-0.018732	-0.242763
-0.023727	-0.242789
-0.028722	-0.24282
-0.033718	-0.242858
-0.038713	-0.242901
-0.043708	-0.242951
-0.048703	-0.243006
-0.053698	-0.243068
-0.058693	-0.243136
-0.063687	-0.24321
-0.068682	-0.24329
-0.073676	-0.243376
-0.078671	-0.243468
-0.083665	-0.243567
-0.088659	-0.243672
-0.093653	-0.243783
-0.098647	-0.2439
-0.103641	-0.244024
-0.108634	-0.244154
-0.113627	-0.244291
-0.11862	-0.244434
-0.123613	-0.244584
-0.128606	-0.24474
-0.133598	-0.244902
-0.13859	-0.245072
-0.143582	-0.245248
-0.148574	-0.245431
-0.153565	-0.245621
-0.158556	-0.245818
-0.163547	-0.246021
-0.168538	-0.246232
-0.173528	-0.24645
-0.178518	-0.246676
-0.183507	-0.246908
-0.188496	-0.247148
-0.193485	-0.247395
-0.198473	-0.24765
-0.203461	-0.247913
-0.208448	-0.248184
-0.213435	-0.248462
-0.218421	-0.248749
-0.223407	-0.249043
-0.228393	-0.249346
-0.233378	-0.249658
-0.238362	-0.249978
-0.243346	-0.250307
-0.248329	-0.250644
-0.253311	-0.250991
-0.258293	-0.251347
-0.263274	-0.251712
-0.268254	-0.252087
-0.273234	-0.252472
-0.278212	-0.252867
-0.28319	-0.253272
-0.288167	-0.253688
-0.293143	-0.254115
-0.298118	-0.254552
-0.303093	-0.255002
-0.308065	-0.255462
-0.313037	-0.255935
-0.318008	-0.25642
-0.322977	-0.256918
-0.327945	-0.25743
-0.332912	-0.257954
-0.337877	-0.258493
-0.34284	-0.259047
-0.347802	-0.259615
-0.352762	-0.2602
-0.35772	-0.260801
-0.362676	-0.261418
-0.36763	-0.262054
-0.372581	-0.262708
-0.37753	-0.263382
-0.382476	-0.264076
-0.387419	-0.264791
-0.392359	-0.26553
-0.397296	-0.266292
-0.402228	-0.26708
-0.407156	-0.267895
-0.412079	-0.268739
-0.416997	-0.269615
-0.42191	-0.270523
-0.426815	-0.271468
-0.431713	-0.272452
-0.436603	-0.27348
-0.441482	-0.274555
-0.44635	-0.275682
-0.451204	-0.276868
-0.456042	-0.278121
-0.46086	-0.27945
-0.465653	-0.280867
-0.470415	-0.282388
-0.475135	-0.284035
-0.479798	-0.285838
-0.48438	-0.287841
-0.488834	-0.290112
-0.493071	-0.292767
-0.496869	-0.296017
-0.499567	-0.300223
-0.499567	-0.305219
-0.496869	-0.309425
-0.493071	-0.312675
-0.488834	-0.31533
-0.48438	-0.317601
-0.479798	-0.319604
-0.475135	-0.321407
-0.470415	-0.323054
-0.465653	-0.324575
-0.46086	-0.325992
-0.456042	-0.327321
-0.451204	-0.328574
-0.44635	-0.32976
-0.441482	-0.330887
-0.436603	-0.331962
-0.431713	-0.33299
-0.426815	-0.333974
-0.42191	-0.334919
-0.416997	-0.335827
-0.412079	-0.336703
-0.407156	-0.337547
-0.402228	-0.338362
-0.397296	-0.33915
-0.392359	-0.339912
-0.387419	-0.340651
-0.382476	-0.341366
-0.37753	-0.34206
-0.372581	-0.342734
-0.36763	-0.343388
-0.362676	-0.344024
-0.35772	-0.344641
-0.352762	-0.345242
-0.347802	-0.345827
-0.34284	-0.346395
-0.337877	-0.346949
-0.332912	-0.347488
-0.327945	-0.348012
-0.322977	-0.348524
-0.318008	-0.349022
-0.313037	-0.349507
-0.308065	-0.34998
-0.303093	-0.35044
-0.298118	-0.35089
-0.293143	-0.351327
-0.288167	-0.351754
-0.28319	-0.35217
-0.278212	-0.352575
-0.273234	-0.35297
-0.268254	-0.353355
-0.263274	-0.35373
-0.258293	-0.354095
-0.253311	-0.354451
-0.248329	-0.354798
-0.243346	-0.355135
-0.238362	-0.355464
-0.233378	-0.355784
-0.228393	-0.356096
-0.223407	-0.356399
-0.218421	-0.356693
-0.213435	-0.35698
-0.208448	-0.357258
-0.203461	-0.357529
-0.198473	-0.357792
-0.193485	-0.358047
-0.188496	-0.358294
-0.183507	-0.358534
-0.178518	-0.358766
-0.173528	-0.358992
-0.168538	-0.35921
-0.163547	-0.359421
-0.158556	-0.359624
-0.153565	-0.359821
-0.148574	-0.360011
-0.143582	-0.360194
-0.13859	-0.36037
-0.133598	-0.36054
-0.128606	-0.360702
-0.123613	-0.360858
-0.11862	-0.361008
-0.113627	-0.361151
-0.108634	-0.361288
-0.103641	-0.361418
-0.098647	-0.361542
-0.093653	-0.361659
-0.088659	-0.36177
-0.083665	-0.361875
-0.078671	-0.361974
-0.073676	-0.362066
-0.068682	-0.362152
-0.063687	-0.362232
-0.058693	-0.362306
-0.053698	-0.362374
-0.048703	-0.362436
-0.043708	-0.362491
-0.038713	-0.362541
-0.033718	-0.362584
-0.028722	-0.362622
-0.023727	-0.362653
-0.018732	-0.362679
-0.013737	-0.362698
-0.008741	-0.362712
-0.003746	-0.362719
0.001249	-0.362721
0.006245	-0.362716
0.01124	-0.362706
0.016235	-0.362689
0.02123	-0.362667
0.026226	-0.362638
0.031221	-0.362604
0.036216	-0.362563
0.041211	-0.362517
0.046206	-0.362464
0.051201	-0.362406
0.056196	-0.362341
0.061191	-0.36227
0.066185	-0.362193
0.07118	-0.36211
0.076174	-0.362021
0.081169	-0.361925
0.086163	-0.361823
0.091157	-0.361715
0.096151	-0.361601
0.101145	-0.361481
0.106138	-0.361354
0.111132	-0.36122
0.116125	-0.36108
0.121118	-0.360934
0.12611	-0.360781
0.131103	-0.360622
0.136095	-0.360456
0.141087	-0.360283
0.146079	-0.360103
0.151071	-0.359917
0.156062	-0.359723
0.161053	-0.359523
0.166043	-0.359316
0.171034	-0.359102
0.176024	-0.35888
0.181013	-0.358651
0.186003	-0.358415
0.190991	-0.358171
0.19598	-0.35792
0.200968	-0.357661
0.205956	-0.357394
0.210943	-0.35712
0.21593	-0.356837
0.220916	-0.356547
0.225901	-0.356248
0.230887	-0.355941
0.235871	-0.355625
0.240855	-0.355301
0.245839	-0.354968
0.250821	-0.354625
0.255803	-0.354274
0.260785	-0.353914
0.265766	-0.353543
0.270746	-0.353163
0.275725	-0.352774
0.280703	-0.352373
0.28568	-0.351963
0.290657	-0.351542
0.295633	-0.35111
0.300607	-0.350666
0.305581	-0.350211
0.310553	-0.349745
0.315524	-0.349266
0.320494	-0.348774
0.325463	-0.348269
0.33043	-0.347752
0.335396	-0.34722
0.34036	-0.346674
0.345323	-0.346113
0.350284	-0.345536
0.355243	-0.344944
0.3602	-0.344335
0.365155	-0.343708
0.370108	-0.343063
0.375058	-0.342399
0.380005	-0.341716
0.38495	-0.341011
0.389891	-0.340284
0.394829	-0.339534
0.399764	-0.338759
0.404694	-0.337957
0.40962	-0.337128
0.414541	-0.336269
0.419456	-0.335377
0.424365	-0.334451
0.429267	-0.333486
0.43416	-0.332481
0.439045	-0.331431
0.443919	-0.33033
0.44878	-0.329174
0.453627	-0.327956
0.458455	-0.326667
0.463261	-0.325295
0.46804	-0.323828
0.472782	-0.322247
0.477476	-0.320527
0.482102	-0.31863
0.486628	-0.316504
0.49099	-0.31406
0.49505	-0.311143
0.498435	-0.307465
