#       x-coordinate        y-coordinate
0.5	0.056448
0.498435	0.061192
0.49505	0.06487
0.49099	0.067787
0.486628	0.070231
0.482102	0.072357
0.477476	0.074254
0.472782	0.075974
0.46804	0.077555
0.463261	0.079022
0.458455	0.080394
0.453627	0.081683
0.44878	0.082901
0.443919	0.084057
0.439045	0.085158
0.43416	0.086208
0.429267	0.087213
0.424365	0.088178
0.419456	0.089104
0.414541	0.089996
0.40962	0.090855
0.404694	0.091684
0.399764	0.092486
0.394829	0.093261
0.389891	0.094011
0.38495	0.094738
0.380005	0.095443
0.375058	0.096126
0.370108	0.09679
0.365155	0.097435
0.3602	0.098062
0.355243	0.098671
0.350284	0.099263
0.345323	0.09984
0.34036	0.100401
0.335396	0.100947
0.33043	0.101479
0.325463	0.101996
0.320494	0.102501
0.315524	0.102993
0.310553	0.103472
0.305581	0.103938
0.300607	0.104393
0.295633	0.104837
0.290657	0.105269
0.28568	0.10569
0.280703	0.1061
0.275725	0.106501
0.270746	0.10689
0.265766	0.10727
0.260785	0.107641
0.255803	0.108001
0.250821	0.108352
0.245839	0.108695
0.240855	0.109028
0.235871	0.109352
0.230887	0.109668
0.225901	0.109975
0.220916	0.110274
0.21593	0.110564
0.210943	0.110847
0.205956	0.111121
0.200968	0.111388
0.19598	0.111647
0.190991	0.111898
0.186003	0.112142
0.181013	0.112378
0.176024	0.112607
0.171034	0.112829
0.166043	0.113043
0.161053	0.11325
0.156062	0.11345
0.151071	0.113644
0.146079	0.11383
0.141087	0.11401
0.136095	0.114183
0.131103	0.114349
0.12611	0.114508
0.121118	0.114661
0.116125	0.114807
0.111132	0.114947
0.106138	0.115081
0.101145	0.115208
0.096151	0.115328
0.091157	0.115442
0.086163	0.11555
0.081169	0.115652
0.076174	0.115748
0.07118	0.115837
0.066185	0.11592
0.061191	0.115997
0.056196	0.116068
0.051201	0.116133
0.046206	0.116191
0.041211	0.116244
0.036216	0.11629
0.031221	0.116331
0.026226	0.116365
0.02123	0.116394
0.016235	0.116416
0.01124	0.116433
0.006245	0.116443
0.001249	0.116448
-0.003746	0.116446
-0.008741	0.116439
-0.013737	0.116425
-0.018732	0.116406
-0.023727	0.11638
-0.028722	0.116349
-0.033718	0.116311
-0.038713	0.116268
-0.043708	0.116218
-0.048703	0.116163
-0.053698	0.116101
-0.058693	0.116033
-0.063687	0.115959
-0.068682	0.115879
-0.073676	0.115793
-0.078671	0.115701
-0.083665	0.115602
-0.088659	0.115497
-0.093653	0.115386
-0.098647	0.115269
-0.103641	0.115145
-0.108634	0.115015
-0.113627	0.114878
-0.11862	0.114735
-0.123613	0.114585
-0.128606	0.114429
-0.133598	0.114267
-0.13859	0.114097
-0.143582	0.113921
-0.148574	0.113738
-0.153565	0.113548
-0.158556	0.113351
-0.163547	0.113148
-0.168538	0.112937
-0.173528	0.112719
-0.178518	0.112493
-0.183507	0.112261
-0.188496	0.112021
-0.193485	0.111774
-0.198473	0.111519
-0.203461	0.111256
-0.208448	0.110985
-0.213435	0.110707
-0.218421	0.11042
-0.223407	0.110126
-0.228393	0.109823
-0.233378	0.109511
-0.238362	0.109191
-0.243346	0.108862
-0.248329	0.108525
-0.253311	0.108178
-0.258293	0.107822
-0.263274	0.107457
-0.268254	0.107082
-0.273234	0.106697
-0.278212	0.106302
-0.28319	0.105897
-0.288167	0.105481
-0.293143	0.105054
-0.298118	0.104617
-0.303093	0.104167
-0.308065	0.103707
-0.313037	0.103234
-0.318008	0.102749
-0.322977	0.102251
-0.327945	0.101739
-0.332912	0.101215
-0.337877	0.100676
-0.34284	0.100122
-0.347802	0.099554
-0.352762	0.098969
-0.35772	0.098368
-0.362676	0.097751
-0.36763	0.097115
-0.372581	0.096461
-0.37753	0.095787
-0.382476	0.095093
-0.387419	0.094378
-0.392359	0.093639
-0.397296	0.092877
-0.402228	0.092089
-0.407156	0.091274
-0.412079	0.09043
-0.416997	0.089554
-0.42191	0.088646
-0.426815	0.087701
-0.431713	0.086717
-0.436603	0.085689
-0.441482	0.084614
-0.44635	0.083487
-0.451204	0.082301
-0.456042	0.081048
-0.46086	0.079719
-0.465653	0.078302
-0.470415	0.076781
-0.475135	0.075134
-0.479798	0.073331
-0.48438	0.071328
-0.488834	0.069057
-0.493071	0.066402
-0.496869	0.063152
-0.499567	0.058946
-0.499567	0.05395
-0.496869	0.049744
-0.493071	0.046494
-0.488834	0.043839
-0.48438	0.041568
-0.479798	0.039565
-0.475135	0.037762
-0.470415	0.036115
-0.465653	0.034594
-0.46086	0.033177
-0.456042	0.031848
-0.451204	0.030595
-0.44635	0.029409
-0.441482	0.028282
-0.436603	0.027207
-0.431713	0.026179
-0.426815	0.025195
-0.42191	0.02425
-0.416997	0.023342
-0.412079	0.022466
-0.407156	0.021622
-0.402228	0.020807
-0.397296	0.020019
-0.392359	0.019257
-0.387419	0.018518
-0.382476	0.017803
-0.37753	0.017109
-0.372581	0.016435
-0.36763	0.015781
-0.362676	0.015145
-0.35772	0.014528
-0.352762	0.013927
-0.347802	0.013342
-0.34284	0.012774
-0.337877	0.01222
-0.332912	0.011681
-0.327945	0.011157
-0.322977	0.010645
-0.318008	0.010147
-0.313037	0.009662
-0.308065	0.009189
-0.303093	0.008729
-0.298118	0.008279
-0.293143	0.007842
-0.288167	0.007415
-0.28319	0.006999
-0.278212	0.006594
-0.273234	0.006199
-0.268254	0.005814
-0.263274	0.005439
-0.258293	0.005074
-0.253311	0.004718
-0.248329	0.004371
-0.243346	0.004034
-0.238362	0.003705
-0.233378	0.003385
-0.228393	0.003073
-0.223407	0.00277
-0.218421	0.002476
-0.213435	0.002189
-0.208448	0.001911
-0.203461	0.00164
-0.198473	0.001377
-0.193485	0.001122
-0.188496	0.000875003
-0.183507	0.000635003
-0.178518	0.000403003
-0.173528	0.000177003
-0.168538	-4.09968e-05
-0.163547	-0.000251997
-0.158556	-0.000454997
-0.153565	-0.000651997
-0.148574	-0.000841997
-0.143582	-0.001025
-0.13859	-0.001201
-0.133598	-0.001371
-0.128606	-0.001533
-0.123613	-0.001689
-0.11862	-0.001839
-0.113627	-0.001982
-0.108634	-0.002119
-0.103641	-0.002249
-0.098647	-0.002373
-0.093653	-0.00249
-0.088659	-0.002601
-0.083665	-0.002706
-0.078671	-0.002805
-0.073676	-0.002897
-0.068682	-0.002983
-0.063687	-0.003063
-0.058693	-0.003137
-0.053698	-0.003205
-0.048703	-0.003267
-0.043708	-0.003322
-0.038713	-0.003372
-0.033718	-0.003415
-0.028722	-0.003453
-0.023727	-0.003484
-0.018732	-0.00351
-0.013737	-0.003529
-0.008741	-0.003543
-0.003746	-0.00355
0.001249	-0.003552
0.006245	-0.003547
0.01124	-0.003537
0.016235	-0.00352
0.02123	-0.003498
0.026226	-0.003469
0.031221	-0.003435
0.036216	-0.003394
0.041211	-0.003348
0.046206	-0.003295
0.051201	-0.003237
0.056196	-0.003172
0.061191	-0.003101
0.066185	-0.003024
0.07118	-0.002941
0.076174	-0.002852
0.081169	-0.002756
0.086163	-0.002654
0.091157	-0.002546
0.096151	-0.002432
0.101145	-0.002312
0.106138	-0.002185
0.111132	-0.002051
0.116125	-0.001911
0.121118	-0.001765
0.12611	-0.001612
0.131103	-0.001453
0.136095	-0.001287
0.141087	-0.001114
0.146079	-0.000933997
0.151071	-0.000747997
0.156062	-0.000553997
0.161053	-0.000353997
0.166043	-0.000146997
0.171034	6.70032e-05
0.176024	0.000289003
0.181013	0.000518003
0.186003	0.000754003
0.190991	0.000998003
0.19598	0.001249
0.200968	0.001508
0.205956	0.001775
0.210943	0.002049
0.21593	0.002332
0.220916	0.002622
0.225901	0.002921
0.230887	0.003228
0.235871	0.003544
0.240855	0.003868
0.245839	0.004201
0.250821	0.004544
0.255803	0.004895
0.260785	0.005255
0.265766	0.005626
0.270746	0.006006
0.275725	0.006395
0.280703	0.006796
0.28568	0.007206
0.290657	0.007627
0.295633	0.008059
0.300607	0.008503
0.305581	0.008958
0.310553	0.009424
0.315524	0.009903
0.320494	0.010395
0.325463	0.0109
0.33043	0.011417
0.335396	0.011949
0.34036	0.012495
0.345323	0.013056
0.350284	0.013633
0.355243	0.014225
0.3602	0.014834
0.365155	0.015461
0.370108	0.016106
0.375058	0.01677
0.380005	0.017453
0.38495	0.018158
0.389891	0.018885
0.394829	0.019635
0.399764	0.02041
0.404694	0.021212
0.40962	0.022041
0.414541	0.0229
0.419456	0.023792
0.424365	0.024718
0.429267	0.025683
0.43416	0.026688
0.439045	0.027738
0.443919	0.028839
0.44878	0.029995
0.453627	0.031213
0.458455	0.032502
0.463261	0.033874
0.46804	0.035341
0.472782	0.036922
0.477476	0.038642
0.482102	0.040539
0.486628	0.042665
0.49099	0.045109
0.49505	0.048026
0.498435	0.051704
