0.001	1525.45	0.0116938	
0.002	5.51661	-0.0107564	
0.003	8.65049	-0.00164455	
0.004	8.16751	0.000604315	
0.005	7.30333	0.000717243	
0.006	6.28494	-8.25609e-05	
0.007	5.2141	-6.59094e-05	
0.008	4.2163	-0.000138785	
0.009	3.49562	-5.99277e-05	
0.01	2.82007	-8.00784e-05	
0.011	2.33284	-0.000111124	
0.012	2.00005	-1.086e-05	
0.013	1.7719	-0.000124424	
0.014	1.6054	0.000131097	
0.015	1.4723	-0.000129611	
0.016	1.35695	-0.000223263	
0.017	1.25236	-5.44666e-06	
0.018	1.15478	0.000343988	
0.019	1.06272	-0.000352843	
0.02	0.979145	8.53003e-05	
0.021	0.90421	9.91546e-05	
0.022	0.838904	2.94831e-05	
0.023	0.78325	-0.000141234	
0.024	0.736748	-1.04299e-05	
0.025	0.697754	2.5545e-05	
0.026	0.664918	5.97469e-06	
0.027	0.636989	-3.11683e-05	
0.028	0.612759	-1.24952e-05	
0.029	0.591328	1.81815e-06	
0.03	0.572142	1.22442e-05	
0.031	0.554773	3.06684e-05	
0.032	0.538813	7.49751e-06	
0.033	0.523905	7.39163e-06	
0.034	0.509954	1.09794e-05	
0.035	0.496847	2.10684e-05	
0.036	0.484422	1.89855e-05	
0.037	0.472626	1.29403e-05	
0.038	0.461433	9.76717e-06	
0.039	0.450812	2.94592e-06	
0.04	0.440759	9.59016e-06	
0.041	0.43128	1.13172e-05	
0.042	0.42232	3.30189e-06	
0.043	0.413839	2.60093e-07	
0.044	0.405792	-2.04313e-06	
0.045	0.398155	1.21485e-06	
0.046	0.390885	1.7395e-06	
0.047	0.383969	5.85168e-06	
0.048	0.377376	1.70087e-06	
0.049	0.371124	3.34301e-06	
0.05	0.365204	6.96136e-06	
0.051	0.359616	6.08398e-06	
0.052	0.354352	1.40824e-06	
0.053	0.349405	4.0462e-06	
0.054	0.344735	3.98984e-06	
0.055	0.340299	3.59661e-06	
0.056	0.336093	4.41251e-05	
0.057	0.332001	-1.0641e-05	
0.058	0.327947	-3.98847e-06	
0.059	0.324298	1.27173e-05	
0.06	0.320381	-1.06441e-05	
0.061	0.316699	-3.61558e-06	
0.062	0.313259	1.56849e-05	
0.063	0.309718	-4.36557e-05	
0.064	0.306336	3.42668e-05	
0.065	0.3033	3.66796e-06	
0.066	0.300025	-3.74545e-05	
0.067	0.297065	3.15734e-05	
0.068	0.294261	4.13717e-06	
0.069	0.291575	-3.69823e-05	
0.07	0.288867	3.58442e-05	
0.071	0.286395	-1.37734e-06	
0.072	0.283948	-3.00547e-05	
0.073	0.281479	2.82244e-05	
0.074	0.279189	1.47101e-06	
0.075	0.276971	-2.7564e-05	
0.076	0.274568	3.50653e-05	
0.077	0.272508	1.22322e-05	
0.078	0.270357	-3.43625e-06	
0.079	0.268037	-1.834e-05	
0.08	0.266175	5.65373e-06	
0.081	0.264174	-2.9003e-05	
0.082	0.262089	3.13067e-05	
0.083	0.260391	-5.46507e-06	
0.084	0.258554	-1.80981e-05	
0.085	0.256649	1.4746e-05	
0.086	0.255023	1.45756e-05	
0.087	0.253625	-1.48134e-05	
0.088	0.251767	4.19459e-08	
0.089	0.250146	4.62058e-06	
0.09	0.248814	-8.96888e-06	
0.091	0.247114	2.58955e-05	
0.092	0.245773	-4.07309e-05	
0.093	0.244112	9.66466e-06	
0.094	0.242905	8.67485e-06	
0.095	0.241307	1.61028e-05	
0.096	0.23993	-1.13382e-06	
0.097	0.238603	-2.23752e-05	
0.098	0.237249	2.10257e-05	
0.099	0.235938	-4.90128e-06	
0.1	0.234585	-8.55391e-06	
0.101	0.233389	2.36447e-05	
0.102	0.23219	-1.61788e-05	
0.103	0.230877	-9.89038e-06	
0.104	0.229828	1.71789e-05	
0.105	0.228733	-1.16125e-05	
0.106	0.22742	1.92745e-05	
0.107	0.226352	-2.75617e-05	
0.108	0.225269	2.20547e-05	
0.109	0.224205	-1.39022e-05	
0.11	0.223228	6.70274e-06	
0.111	0.222333	-2.22883e-05	
0.112	0.221137	1.68363e-05	
0.113	0.220192	1.15833e-06	
0.114	0.219287	-2.85333e-06	
0.115	0.218277	-2.23573e-06	
0.116	0.217319	1.14329e-06	
0.117	0.216657	2.59133e-06	
0.118	0.215556	5.179e-06	
0.119	0.214609	-1.22357e-05	
0.12	0.213631	1.72037e-05	
0.121	0.212997	-7.90506e-06	
0.122	0.212128	7.35547e-06	
0.123	0.211149	-2.44173e-05	
0.124	0.210577	1.33689e-05	
0.125	0.2096	-3.00059e-07	
0.126	0.209032	5.38702e-06	
0.127	0.208039	1.01121e-05	
0.128	0.207447	-7.7116e-06	
0.129	0.206669	-1.71781e-05	
0.13	0.206104	2.35816e-05	
0.131	0.205215	-1.2255e-05	
0.132	0.204722	3.93356e-05	
0.133	0.203851	-6.376e-05	
0.134	0.203334	5.61708e-05	
0.135	0.202838	7.03317e-06	
0.136	0.201932	-3.23495e-05	
0.137	0.201281	3.9428e-06	
0.138	0.200809	-6.53672e-06	
0.139	0.200157	4.50703e-06	
0.14	0.19959	-1.57825e-05	
0.141	0.198971	1.07809e-05	
0.142	0.198285	-1.06161e-05	
0.143	0.197871	1.16979e-05	
0.144	0.19722	-5.02459e-06	
0.145	0.196779	2.32797e-06	
0.146	0.196122	4.69426e-06	
0.147	0.1956	-2.73421e-05	
0.148	0.195235	-3.58767e-06	
0.149	0.194495	1.9276e-05	
0.15	0.193993	-4.87337e-06	
0.151	0.19353	2.16085e-05	
0.152	0.193143	4.0164e-06	
0.153	0.19251	-2.32318e-05	
0.154	0.191976	6.56784e-07	
