1	0	525
2	1	610
3	1	498
4	1	476
5	1	474
6	1	476
7	1	474
8	1	473
9	0	472
10	0	474
11	0	472
12	0	467
13	0	451
14	0	457
15	0	422
16	0	444
17	0	444
18	0	214
19	0	439
20	0	425
21	0	419
22	0	413
23	0	345
24	0	341
25	0	338
26	0	338
27	0	335
28	0	336
29	0	330
30	0	331
31	0	329
32	0	330
33	0	329
34	0	329
35	0	329
36	0	328
37	0	327
38	0	322
39	0	320
40	0	322
41	0	322
42	0	321
43	0	320
44	0	317
45	0	316
46	0	315
47	0	316
48	0	315
49	0	314
50	0	313
51	0	312
52	0	312
53	0	312
54	0	312
55	0	311
56	0	179
57	0	290
58	0	171
59	0	186
60	0	302
61	0	170
62	0	175
63	0	308
64	0	155
65	0	177
66	0	307
67	0	164
68	0	167
69	0	308
70	0	163
71	0	172
72	0	306
73	0	163
74	0	165
75	0	304
76	0	146
77	0	143
78	0	274
79	0	150
80	0	163
81	0	303
82	0	147
83	0	168
84	0	296
85	0	146
86	0	151
87	0	181
88	0	196
89	0	147
90	0	94
91	0	151
92	0	194
93	0	144
94	0	122
95	0	136
96	0	269
97	0	97
98	0	138
99	0	270
100	0	90
101	0	147
102	0	264
103	0	87
104	0	143
105	0	100
106	0	277
107	0	91
108	0	143
109	0	70
110	0	155
111	0	195
112	0	139
113	0	59
114	0	91
115	0	247
116	0	72
117	0	118
118	0	123
119	0	191
120	0	74
121	0	75
122	0	276
123	0	71
124	0	140
125	0	64
126	0	136
127	0	70
128	0	273
129	0	69
130	0	276
131	0	70
132	0	273
133	0	67
134	0	73
135	0	119
136	0	46
137	0	69
138	0	149
139	0	261
140	0	98
141	0	136
142	0	66
143	0	68
144	0	68
145	0	145
146	0	256
147	0	81
148	0	122
149	0	48
150	0	68
151	0	71
152	0	118
153	0	194
154	0	137
