#       x-coordinate        y-coordinate
0.5	0.363719
0.498435	0.368463
0.49505	0.372141
0.49099	0.375058
0.486628	0.377502
0.482102	0.379628
0.477476	0.381525
0.472782	0.383245
0.46804	0.384826
0.463261	0.386293
0.458455	0.387665
0.453627	0.388954
0.44878	0.390172
0.443919	0.391328
0.439045	0.392429
0.43416	0.393479
0.429267	0.394484
0.424365	0.395449
0.419456	0.396375
0.414541	0.397267
0.40962	0.398126
0.404694	0.398955
0.399764	0.399757
0.394829	0.400532
0.389891	0.401282
0.38495	0.402009
0.380005	0.402714
0.375058	0.403397
0.370108	0.404061
0.365155	0.404706
0.3602	0.405333
0.355243	0.405942
0.350284	0.406534
0.345323	0.407111
0.34036	0.407672
0.335396	0.408218
0.33043	0.40875
0.325463	0.409267
0.320494	0.409772
0.315524	0.410264
0.310553	0.410743
0.305581	0.411209
0.300607	0.411664
0.295633	0.412108
0.290657	0.41254
0.28568	0.412961
0.280703	0.413371
0.275725	0.413772
0.270746	0.414161
0.265766	0.414541
0.260785	0.414912
0.255803	0.415272
0.250821	0.415623
0.245839	0.415966
0.240855	0.416299
0.235871	0.416623
0.230887	0.416939
0.225901	0.417246
0.220916	0.417545
0.21593	0.417835
0.210943	0.418118
0.205956	0.418392
0.200968	0.418659
0.19598	0.418918
0.190991	0.419169
0.186003	0.419413
0.181013	0.419649
0.176024	0.419878
0.171034	0.4201
0.166043	0.420314
0.161053	0.420521
0.156062	0.420721
0.151071	0.420915
0.146079	0.421101
0.141087	0.421281
0.136095	0.421454
0.131103	0.42162
0.12611	0.421779
0.121118	0.421932
0.116125	0.422078
0.111132	0.422218
0.106138	0.422352
0.101145	0.422479
0.096151	0.422599
0.091157	0.422713
0.086163	0.422821
0.081169	0.422923
0.076174	0.423019
0.07118	0.423108
0.066185	0.423191
0.061191	0.423268
0.056196	0.423339
0.051201	0.423404
0.046206	0.423462
0.041211	0.423515
0.036216	0.423561
0.031221	0.423602
0.026226	0.423636
0.02123	0.423665
0.016235	0.423687
0.01124	0.423704
0.006245	0.423714
0.001249	0.423719
-0.003746	0.423717
-0.008741	0.42371
-0.013737	0.423696
-0.018732	0.423677
-0.023727	0.423651
-0.028722	0.42362
-0.033718	0.423582
-0.038713	0.423539
-0.043708	0.423489
-0.048703	0.423434
-0.053698	0.423372
-0.058693	0.423304
-0.063687	0.42323
-0.068682	0.42315
-0.073676	0.423064
-0.078671	0.422972
-0.083665	0.422873
-0.088659	0.422768
-0.093653	0.422657
-0.098647	0.42254
-0.103641	0.422416
-0.108634	0.422286
-0.113627	0.422149
-0.11862	0.422006
-0.123613	0.421856
-0.128606	0.4217
-0.133598	0.421538
-0.13859	0.421368
-0.143582	0.421192
-0.148574	0.421009
-0.153565	0.420819
-0.158556	0.420622
-0.163547	0.420419
-0.168538	0.420208
-0.173528	0.41999
-0.178518	0.419764
-0.183507	0.419532
-0.188496	0.419292
-0.193485	0.419045
-0.198473	0.41879
-0.203461	0.418527
-0.208448	0.418256
-0.213435	0.417978
-0.218421	0.417691
-0.223407	0.417397
-0.228393	0.417094
-0.233378	0.416782
-0.238362	0.416462
-0.243346	0.416133
-0.248329	0.415796
-0.253311	0.415449
-0.258293	0.415093
-0.263274	0.414728
-0.268254	0.414353
-0.273234	0.413968
-0.278212	0.413573
-0.28319	0.413168
-0.288167	0.412752
-0.293143	0.412325
-0.298118	0.411888
-0.303093	0.411438
-0.308065	0.410978
-0.313037	0.410505
-0.318008	0.41002
-0.322977	0.409522
-0.327945	0.40901
-0.332912	0.408486
-0.337877	0.407947
-0.34284	0.407393
-0.347802	0.406825
-0.352762	0.40624
-0.35772	0.405639
-0.362676	0.405022
-0.36763	0.404386
-0.372581	0.403732
-0.37753	0.403058
-0.382476	0.402364
-0.387419	0.401649
-0.392359	0.40091
-0.397296	0.400148
-0.402228	0.39936
-0.407156	0.398545
-0.412079	0.397701
-0.416997	0.396825
-0.42191	0.395917
-0.426815	0.394972
-0.431713	0.393988
-0.436603	0.39296
-0.441482	0.391885
-0.44635	0.390758
-0.451204	0.389572
-0.456042	0.388319
-0.46086	0.38699
-0.465653	0.385573
-0.470415	0.384052
-0.475135	0.382405
-0.479798	0.380602
-0.48438	0.378599
-0.488834	0.376328
-0.493071	0.373673
-0.496869	0.370423
-0.499567	0.366217
-0.499567	0.361221
-0.496869	0.357015
-0.493071	0.353765
-0.488834	0.35111
-0.48438	0.348839
-0.479798	0.346836
-0.475135	0.345033
-0.470415	0.343386
-0.465653	0.341865
-0.46086	0.340448
-0.456042	0.339119
-0.451204	0.337866
-0.44635	0.33668
-0.441482	0.335553
-0.436603	0.334478
-0.431713	0.33345
-0.426815	0.332466
-0.42191	0.331521
-0.416997	0.330613
-0.412079	0.329737
-0.407156	0.328893
-0.402228	0.328078
-0.397296	0.32729
-0.392359	0.326528
-0.387419	0.325789
-0.382476	0.325074
-0.37753	0.32438
-0.372581	0.323706
-0.36763	0.323052
-0.362676	0.322416
-0.35772	0.321799
-0.352762	0.321198
-0.347802	0.320613
-0.34284	0.320045
-0.337877	0.319491
-0.332912	0.318952
-0.327945	0.318428
-0.322977	0.317916
-0.318008	0.317418
-0.313037	0.316933
-0.308065	0.31646
-0.303093	0.316
-0.298118	0.31555
-0.293143	0.315113
-0.288167	0.314686
-0.28319	0.31427
-0.278212	0.313865
-0.273234	0.31347
-0.268254	0.313085
-0.263274	0.31271
-0.258293	0.312345
-0.253311	0.311989
-0.248329	0.311642
-0.243346	0.311305
-0.238362	0.310976
-0.233378	0.310656
-0.228393	0.310344
-0.223407	0.310041
-0.218421	0.309747
-0.213435	0.30946
-0.208448	0.309182
-0.203461	0.308911
-0.198473	0.308648
-0.193485	0.308393
-0.188496	0.308146
-0.183507	0.307906
-0.178518	0.307674
-0.173528	0.307448
-0.168538	0.30723
-0.163547	0.307019
-0.158556	0.306816
-0.153565	0.306619
-0.148574	0.306429
-0.143582	0.306246
-0.13859	0.30607
-0.133598	0.3059
-0.128606	0.305738
-0.123613	0.305582
-0.11862	0.305432
-0.113627	0.305289
-0.108634	0.305152
-0.103641	0.305022
-0.098647	0.304898
-0.093653	0.304781
-0.088659	0.30467
-0.083665	0.304565
-0.078671	0.304466
-0.073676	0.304374
-0.068682	0.304288
-0.063687	0.304208
-0.058693	0.304134
-0.053698	0.304066
-0.048703	0.304004
-0.043708	0.303949
-0.038713	0.303899
-0.033718	0.303856
-0.028722	0.303818
-0.023727	0.303787
-0.018732	0.303761
-0.013737	0.303742
-0.008741	0.303728
-0.003746	0.303721
0.001249	0.303719
0.006245	0.303724
0.01124	0.303734
0.016235	0.303751
0.02123	0.303773
0.026226	0.303802
0.031221	0.303836
0.036216	0.303877
0.041211	0.303923
0.046206	0.303976
0.051201	0.304034
0.056196	0.304099
0.061191	0.30417
0.066185	0.304247
0.07118	0.30433
0.076174	0.304419
0.081169	0.304515
0.086163	0.304617
0.091157	0.304725
0.096151	0.304839
0.101145	0.304959
0.106138	0.305086
0.111132	0.30522
0.116125	0.30536
0.121118	0.305506
0.12611	0.305659
0.131103	0.305818
0.136095	0.305984
0.141087	0.306157
0.146079	0.306337
0.151071	0.306523
0.156062	0.306717
0.161053	0.306917
0.166043	0.307124
0.171034	0.307338
0.176024	0.30756
0.181013	0.307789
0.186003	0.308025
0.190991	0.308269
0.19598	0.30852
0.200968	0.308779
0.205956	0.309046
0.210943	0.30932
0.21593	0.309603
0.220916	0.309893
0.225901	0.310192
0.230887	0.310499
0.235871	0.310815
0.240855	0.311139
0.245839	0.311472
0.250821	0.311815
0.255803	0.312166
0.260785	0.312526
0.265766	0.312897
0.270746	0.313277
0.275725	0.313666
0.280703	0.314067
0.28568	0.314477
0.290657	0.314898
0.295633	0.31533
0.300607	0.315774
0.305581	0.316229
0.310553	0.316695
0.315524	0.317174
0.320494	0.317666
0.325463	0.318171
0.33043	0.318688
0.335396	0.31922
0.34036	0.319766
0.345323	0.320327
0.350284	0.320904
0.355243	0.321496
0.3602	0.322105
0.365155	0.322732
0.370108	0.323377
0.375058	0.324041
0.380005	0.324724
0.38495	0.325429
0.389891	0.326156
0.394829	0.326906
0.399764	0.327681
0.404694	0.328483
0.40962	0.329312
0.414541	0.330171
0.419456	0.331063
0.424365	0.331989
0.429267	0.332954
0.43416	0.333959
0.439045	0.335009
0.443919	0.33611
0.44878	0.337266
0.453627	0.338484
0.458455	0.339773
0.463261	0.341145
0.46804	0.342612
0.472782	0.344193
0.477476	0.345913
0.482102	0.34781
0.486628	0.349936
0.49099	0.35238
0.49505	0.355297
0.498435	0.358975
