#       x-coordinate        y-coordinate
0.5	0
0.499378	0.0249229
0.497515	0.0497839
0.494415	0.0745211
0.490086	0.0990731
0.484539	0.123379
0.477786	0.147378
0.469846	0.17101
0.460738	0.194217
0.450484	0.216942
0.439111	0.239127
0.426645	0.260718
0.413119	0.28166
0.398566	0.301902
0.383022	0.321394
0.366526	0.340086
0.349118	0.357933
0.330843	0.374891
0.311745	0.390916
0.291872	0.405969
0.271273	0.420013
0.25	0.433013
0.228105	0.444936
0.205644	0.455753
0.182671	0.465437
0.159243	0.473964
0.13542	0.481312
0.11126	0.487464
0.0868241	0.492404
0.0621719	0.49612
0.037365	0.498602
0.0124653	0.499845
-0.0124653	0.499845
-0.037365	0.498602
-0.0621719	0.49612
-0.0868241	0.492404
-0.11126	0.487464
-0.13542	0.481312
-0.159243	0.473964
-0.182671	0.465437
-0.205644	0.455753
-0.228105	0.444936
-0.25	0.433013
-0.271273	0.420013
-0.291872	0.405969
-0.311745	0.390916
-0.330843	0.374891
-0.349118	0.357933
-0.366526	0.340086
-0.383022	0.321394
-0.398566	0.301902
-0.413119	0.28166
-0.426645	0.260718
-0.439111	0.239127
-0.450484	0.216942
-0.460738	0.194217
-0.469846	0.17101
-0.477786	0.147378
-0.484539	0.123379
-0.490086	0.0990731
-0.494415	0.0745211
-0.497515	0.0497839
-0.499378	0.0249229
-0.5	6.12303e-17
-0.499378	-0.0249229
-0.497515	-0.0497839
-0.494415	-0.0745211
-0.490086	-0.0990731
-0.484539	-0.123379
-0.477786	-0.147378
-0.469846	-0.17101
-0.460738	-0.194217
-0.450484	-0.216942
-0.439111	-0.239127
-0.426645	-0.260718
-0.413119	-0.28166
-0.398566	-0.301902
-0.383022	-0.321394
-0.366526	-0.340086
-0.349118	-0.357933
-0.330843	-0.374891
-0.311745	-0.390916
-0.291872	-0.405969
-0.271273	-0.420013
-0.25	-0.433013
-0.228105	-0.444936
-0.205644	-0.455753
-0.182671	-0.465437
-0.159243	-0.473964
-0.13542	-0.481312
-0.11126	-0.487464
-0.0868241	-0.492404
-0.0621719	-0.49612
-0.037365	-0.498602
-0.0124653	-0.499845
0.0124653	-0.499845
0.037365	-0.498602
0.0621719	-0.49612
0.0868241	-0.492404
0.11126	-0.487464
0.13542	-0.481312
0.159243	-0.473964
0.182671	-0.465437
0.205644	-0.455753
0.228105	-0.444936
0.25	-0.433013
0.271273	-0.420013
0.291872	-0.405969
0.311745	-0.390916
0.330843	-0.374891
0.349118	-0.357933
0.366526	-0.340086
0.383022	-0.321394
0.398566	-0.301902
0.413119	-0.28166
0.426645	-0.260718
0.439111	-0.239127
0.450484	-0.216942
0.460738	-0.194217
0.469846	-0.17101
0.477786	-0.147378
0.484539	-0.123379
0.490086	-0.0990731
0.494415	-0.0745211
0.497515	-0.0497839
0.499378	-0.0249229
