0.972992
0.927343
0.883183
0.840494
0.799355
0.759537
0.721066
0.684005
0.648351
0.613958
0.581057
0.549476
0.519101
0.490074
0.462305
0.435886
0.410728
0.38692
0.36437
0.343023
0.322878
0.304086
0.286548
0.270215
0.255082
0.241154
0.228429
0.217054
0.206786
0.197816
0.189953
0.183389
0.177929
0.17377
0.170715
0.16896
0.168309
0.16896
0.170712
0.173768
0.177925
0.183386
0.189947
0.197813
0.206778
0.21705
0.22842
0.241096
0.255023
0.270155
0.286487
0.304024
0.322916
0.343058
0.364405
0.386954
0.410706
0.43582
0.462334
0.4901
0.519071
0.549405
0.580984
0.613927
0.648275
0.684028
0.721028
0.759553
0.79937
0.840556
0.883142
0.927298
0.972909
0.992403
0.918426
0.846347
0.776086
0.707781
0.641234
0.576437
0.513325
0.45197
0.39243
0.334426
0.278112
0.223335
0.170112
0.118499
0.0685012
0.419217
0.421225
0.0685135
0.118548
0.170156
0.223374
0.278047
0.334454
0.392354
0.452001
0.513286
0.576364
0.641093
0.707598
0.776104
0.846294
0.918264
0.992398
0.947937
0.849313
0.753225
0.659695
0.568455
0.479632
0.393068
0.308667
0.226503
0.146435
0.899111
0.897939
0.14628
0.226483
0.308605
0.392894
0.479418
0.568372
0.659579
0.753043
0.849111
0.947828
0.96728
0.840979
0.718266
0.598857
0.48286
0.370005
0.260144
0.153368
0.480521
0.484089
0.153057
0.259924
0.36969
0.482507
0.598603
0.717807
0.840495
0.966886
0.968814
0.811534
0.65943
0.512228
0.369725
0.231497
0.745138
0.74484
0.231053
0.369071
0.51168
0.65892
0.81098
0.968287
0.847673
0.658009
0.475867
0.300524
0.804811
0.805058
0.300075
0.475269
0.657532
0.84721
0.938773
0.697901
0.469703
0.252611
0.226887
0.223858
0.252319
0.469354
0.697824
0.938924
0.758798
0.466564
0.749968
0.756948
0.467221
0.760172
0.80927
0.421588
0.235121
0.232461
0.425555
0.814014
0.792537
0.563691
0.550666
0.789471
0.668919
0.663385
0.515489
0.51493
0.0866
0.0554905
0.299689
0.2744
0.19998
0.195145
0.84117
0.834473
0.919016
0.472852
0.244081
0.243262
0.477596
0.922247
0.738681
0.422381
0.471818
0.468526
0.423755
0.741085
0.857817
0.602355
0.361483
0.604926
0.608742
0.361406
0.602506
0.858105
0.916193
0.709163
0.511255
0.321591
0.790634
0.791802
0.321114
0.510792
0.708902
0.915902
0.964106
0.795279
0.632396
0.475116
0.323012
0.17581
0.237371
0.236507
0.175262
0.322502
0.474562
0.631869
0.79489
0.963657
0.895079
0.761004
0.630863
0.504561
0.381848
0.262439
0.146442
0.300893
0.302491
0.146089
0.262185
0.381389
0.504077
0.630468
0.760578
0.894635
0.923726
0.81695
0.712889
0.611519
0.512895
0.416807
0.323277
0.232037
0.143215
0.667984
0.667651
0.143
0.231954
0.323162
0.416625
0.512693
0.61141
0.71278
0.81664
0.923506
0.972249
0.890085
0.810017
0.731987
0.655985
0.582008
0.509929
0.439668
0.371363
0.304816
0.240019
0.176907
0.115552
0.965388
0.965391
0.115583
0.176868
0.239946
0.304675
0.37118
0.439686
0.509876
0.581846
0.65598
0.732006
0.809862
0.890065
0.972188
0.998008
0.941694
0.886917
0.833694
0.782081
0.732083
0.683555
0.636574
0.590925
0.546765
0.504076
0.462937
0.423119
0.384648
0.347587
0.311933
0.27754
0.244639
0.213058
0.182683
0.153656
0.125887
0.0994678
0.07431
0.0505026
0.0279522
0.316993
0.325114
0.0279868
0.0505362
0.0742884
0.0994019
0.125916
0.153682
0.182653
0.212987
0.244566
0.277509
0.311857
0.34761
0.38461
0.423135
0.462952
0.504138
0.546724
0.59088
0.636492
0.683504
0.732096
0.78213
0.833738
0.886956
0.941629
0.998036
0.98646
0.967668
0.95013
0.933797
0.918664
0.904736
0.892011
0.880636
0.870368
0.861398
0.853535
0.846971
0.841511
0.837352
0.834297
0.832543
0.831891
0.832542
0.834295
0.83735
0.841508
0.846968
0.853529
0.861395
0.870361
0.880632
0.892002
0.904678
0.918605
0.933737
0.95007
0.967607
0.986498
