1	1	184
2	1	263
3	1	122
4	1	123
5	1	126
6	1	137
7	1	158
8	1	149
9	1	154
10	1	171
11	1	183
12	1	174
13	1	200
14	1	186
15	1	197
16	1	199
17	1	186
18	1	202
19	1	192
20	1	203
21	1	204
22	1	198
23	1	241
24	1	204
25	1	207
26	1	168
27	1	244
28	1	204
29	1	203
30	1	189
31	1	203
32	1	211
33	1	209
34	1	183
35	1	191
36	1	205
37	1	205
38	1	207
39	1	191
40	1	201
41	1	203
42	1	183
43	1	201
44	1	209
45	1	203
46	1	209
47	1	202
48	1	251
49	1	195
50	1	206
51	1	191
52	1	245
53	1	205
54	1	196
55	1	202
56	1	202
57	1	209
58	1	187
59	1	187
60	1	201
61	1	205
62	1	203
63	1	205
64	1	188
65	1	185
66	1	187
67	1	162
68	1	180
69	1	191
70	1	199
71	1	203
72	1	201
73	1	260
74	1	203
75	1	203
76	1	203
77	1	237
78	1	187
79	1	192
80	1	198
81	1	199
82	1	208
83	1	182
84	1	185
85	1	189
86	1	183
87	1	187
88	1	205
89	1	186
90	1	259
91	1	200
92	1	189
93	1	182
94	1	202
95	1	206
