1	-0.174629	0.174629	8.32667e-17
2	-0.174629	0.174629	-4.16334e-16
3	-0.174629	0.174629	6.10623e-16
4	-0.174629	0.174629	-6.66134e-16
5	-0.174629	0.17463	9.4369e-16
6	-0.174629	0.17463	1.38778e-16
7	-0.174629	0.17463	-1.66533e-16
8	-0.174629	0.17463	-1.08247e-15
9	-0.174629	0.17463	5.27356e-16
10	-0.174629	0.17463	6.10623e-16
11	-0.174629	0.17463	-2.77556e-17
12	-0.174629	0.17463	4.996e-16
13	-0.174629	0.17463	3.33067e-16
14	-0.174629	0.17463	-1.94289e-16
15	-0.174629	0.17463	3.88578e-16
16	-0.174629	0.17463	-6.10623e-16
17	-0.174629	0.17463	-8.32667e-17
18	-0.174629	0.17463	-3.60822e-16
19	-0.174629	0.17463	1.94289e-16
20	-0.174629	0.17463	-2.77556e-17
21	-0.174629	0.17463	-3.05311e-16
22	-0.174629	0.17463	6.38378e-16
23	-0.174629	0.17463	-1.08247e-15
24	-0.174629	0.17463	7.49401e-16
25	-0.174629	0.17463	8.32667e-16
26	-0.174629	0.17463	-2.22045e-16
27	-0.174629	0.17463	-4.996e-16
28	-0.174629	0.17463	-1.19349e-15
29	-0.174629	0.17463	3.88578e-16
30	-0.174629	0.17463	-1.02696e-15
31	-0.174629	0.17463	7.49401e-16
32	-0.174629	0.17463	-9.15934e-16
33	-0.174629	0.17463	-5.55112e-16
34	-0.174629	0.17463	8.88178e-16
35	-0.174629	0.17463	-3.60822e-16
36	-0.174629	0.17463	-2.22045e-16
37	-0.174629	0.17463	5.27356e-16
38	-0.174629	0.17463	8.60423e-16
39	-0.174629	0.17463	1.11022e-16
40	-0.174629	0.17463	1.11022e-16
41	-0.174629	0.17463	-3.33067e-16
42	-0.174629	0.17463	-3.33067e-16
43	-0.174629	0.17463	-4.44089e-16
44	-0.174629	0.17463	-9.4369e-16
45	-0.174629	0.17463	-4.44089e-16
46	-0.174629	0.17463	1.38778e-16
47	-0.174629	0.17463	-1.249e-15
48	-0.174629	0.17463	-1.60982e-15
49	-0.174629	0.17463	4.71845e-16
50	-0.174629	0.17463	2.77556e-17
51	-0.174629	0.17463	-1.249e-15
52	-0.174629	0.17463	-6.10623e-16
53	-0.174629	0.17463	0
54	-0.174629	0.17463	3.88578e-16
55	-0.174629	0.17463	-3.88578e-16
56	-0.174629	0.17463	2.77556e-17
57	-0.174629	0.17463	-1.05471e-15
58	-0.174629	0.17463	3.88578e-16
59	-0.174629	0.17463	-1.58207e-15
60	-0.174629	0.17463	4.71845e-16
61	-0.174629	0.17463	7.77156e-16
62	-0.174629	0.17463	-5.27356e-16
63	-0.174629	0.17463	-9.4369e-16
64	-0.174629	0.17463	-4.44089e-16
65	-0.174629	0.17463	1.66533e-16
66	-0.174629	0.17463	-6.38378e-16
67	-0.174629	0.17463	-2.77556e-17
68	-0.174629	0.17463	-7.21645e-16
69	-0.174629	0.17463	-2.22045e-16
70	-0.174629	0.17463	7.21645e-16
71	-0.174629	0.17463	-2.77556e-16
72	-0.174629	0.17463	-5.82867e-16
73	-0.174629	0.17463	1.94289e-16
74	-0.174629	0.17463	0
75	-0.174629	0.17463	-6.10623e-16
76	-0.174629	0.17463	3.05311e-16
77	-0.174629	0.17463	-2.77556e-17
78	-0.174629	0.17463	3.88578e-16
79	-0.174629	0.17463	2.22045e-16
80	-0.174629	0.17463	-9.99201e-16
81	-0.174629	0.17463	1.38778e-16
82	-0.174629	0.17463	-1.11022e-16
83	-0.174629	0.17463	2.77556e-16
84	-0.174629	0.17463	1.11022e-16
85	-0.174629	0.17463	5.55112e-16
86	-0.174629	0.17463	-2.498e-16
87	-0.174629	0.17463	-2.498e-16
88	-0.174629	0.17463	1.94289e-16
89	-0.174629	0.17463	-4.44089e-16
90	-0.174629	0.17463	9.71445e-16
91	-0.174629	0.17463	1.11022e-16
92	-0.174629	0.17463	-8.32667e-17
93	-0.174629	0.17463	0
94	-0.174629	0.17463	5.55112e-17
95	-0.174629	0.17463	-8.04912e-16
