#       x-coordinate        y-coordinate
0.726325	0.424855
0.72175	0.416008
0.721678	0.406049
0.723097	0.39619
0.725266	0.386469
0.727901	0.376864
0.730863	0.367353
0.734069	0.357923
0.737466	0.348559
0.741022	0.339254
0.744707	0.330001
0.748506	0.320793
0.752403	0.311626
0.756387	0.302496
0.760448	0.2934
0.764577	0.284336
0.768771	0.275302
0.773023	0.266294
0.77733	0.257312
0.781686	0.248354
0.786089	0.23942
0.790536	0.230507
0.795024	0.221615
0.799551	0.212743
0.804115	0.203889
0.808714	0.195055
0.813348	0.186237
0.818014	0.177437
0.82271	0.168653
0.827437	0.159885
0.832193	0.151135
0.836976	0.142398
0.841786	0.133676
0.846624	0.124969
0.851486	0.116276
0.856374	0.107598
0.861286	0.098933
0.866222	0.0902824
0.871181	0.0816446
0.876164	0.0730198
0.881169	0.0644082
0.886195	0.0558104
0.891244	0.047224
0.896315	0.0386522
0.901407	0.0300913
0.906519	0.0215431
0.911654	0.0130086
0.916808	0.00448625
0.921983	-0.00402432
0.927178	-0.0125209
0.932394	-0.0210061
0.93763	-0.0294787
0.942887	-0.0379387
0.948163	-0.0463865
0.95346	-0.0548212
0.958777	-0.0632437
0.964114	-0.0716522
0.969472	-0.0800494
0.97485	-0.0884317
0.980248	-0.0968022
0.985668	-0.105159
0.991108	-0.113501
0.996569	-0.12183
1.00205	-0.130145
1.00756	-0.138447
1.01308	-0.146733
1.01863	-0.155004
1.0242	-0.163261
1.0298	-0.171502
1.03541	-0.179726
1.04106	-0.187934
1.04672	-0.196126
1.05241	-0.2043
1.05813	-0.212457
1.06387	-0.220595
1.06964	-0.228712
1.07544	-0.236811
1.08127	-0.244888
1.08713	-0.252943
1.09302	-0.260976
1.09894	-0.268984
1.10489	-0.276968
1.11089	-0.284924
1.11692	-0.292851
1.12299	-0.300748
1.1291	-0.308612
1.13526	-0.316441
1.14147	-0.324231
1.14773	-0.33198
1.15404	-0.339682
1.16042	-0.347333
1.16687	-0.354927
1.17339	-0.362455
1.17999	-0.36991
1.1867	-0.377277
1.19351	-0.384541
1.20046	-0.391677
1.20757	-0.398654
1.21488	-0.405417
1.22246	-0.411884
1.23041	-0.417889
1.23893	-0.423048
1.24843	-0.426015
1.2569	-0.420764
1.25846	-0.410928
1.25762	-0.401003
1.25577	-0.391217
1.25334	-0.381557
1.25052	-0.372003
1.24743	-0.362535
1.24412	-0.35314
1.24064	-0.343807
1.23701	-0.334529
1.23327	-0.3253
1.22942	-0.316114
1.22548	-0.306966
1.22145	-0.297854
1.21735	-0.288775
1.21319	-0.279726
1.20897	-0.270705
1.20469	-0.261712
1.20035	-0.252742
1.19597	-0.243797
1.19155	-0.234873
1.18708	-0.225971
1.18257	-0.217089
1.17803	-0.208227
1.17344	-0.199383
1.16883	-0.190558
1.16418	-0.181749
1.1595	-0.172958
1.15478	-0.164183
1.15004	-0.155424
1.14527	-0.14668
1.14047	-0.137951
1.13565	-0.129237
1.1308	-0.120538
1.12593	-0.111853
1.12103	-0.103181
1.1161	-0.0945234
1.11115	-0.0858802
1.10618	-0.0772489
1.10119	-0.068631
1.09617	-0.0600263
1.09113	-0.0514344
1.08607	-0.0428558
1.08099	-0.0342894
1.07589	-0.0257354
1.07077	-0.0171949
1.06562	-0.00866587
1.06046	-0.000149829
1.05527	0.00835389
1.05007	0.0168455
1.04484	0.0253239
1.03959	0.0337902
1.03433	0.0422438
1.02904	0.0506848
1.02373	0.0591128
1.01841	0.0675284
1.01306	0.0759306
1.00769	0.0843206
1.0023	0.0926969
0.996892	0.101061
0.991463	0.10941
0.986011	0.117746
0.980539	0.126068
0.975045	0.134376
0.96953	0.142671
0.963992	0.150949
0.958432	0.159212
0.952849	0.167461
0.947243	0.175694
0.941613	0.183911
0.93596	0.192111
0.930281	0.200294
0.924577	0.208459
0.918847	0.216606
0.91309	0.224734
0.907305	0.232842
0.901491	0.240931
0.895648	0.248997
0.889774	0.257041
0.883868	0.265062
0.877928	0.273058
0.871954	0.281027
0.865942	0.288969
0.859892	0.296881
0.853799	0.304761
0.847664	0.312609
0.841481	0.320418
0.835248	0.328188
0.82896	0.335912
0.822613	0.34359
0.816201	0.351213
0.809718	0.358775
0.803154	0.366267
0.796499	0.373678
0.78974	0.380996
0.782859	0.388198
0.775833	0.395257
0.768626	0.402134
0.76119	0.40876
0.753442	0.41502
0.745239	0.420668
0.736283	0.425027
