#       x-coordinate        y-coordinate
0.5	0
0.499901	0.00997265
0.499602	0.0199413
0.499105	0.0299021
0.498409	0.0398509
0.497515	0.0497839
0.496423	0.0596971
0.495134	0.0695866
0.493648	0.0794483
0.491965	0.0892784
0.490086	0.0990731
0.488013	0.108828
0.485745	0.11854
0.483284	0.128205
0.480631	0.137819
0.477786	0.147378
0.474752	0.156878
0.471528	0.166316
0.468117	0.175687
0.46452	0.184989
0.460738	0.194217
0.456773	0.203368
0.452626	0.212438
0.448298	0.221424
0.443793	0.230321
0.439111	0.239127
0.434254	0.247838
0.429224	0.25645
0.424024	0.26496
0.418655	0.273364
0.413119	0.28166
0.407419	0.289844
0.401557	0.297912
0.395536	0.305862
0.389356	0.31369
0.383022	0.321394
0.376536	0.328969
0.369899	0.336414
0.363116	0.343725
0.356188	0.350899
0.349118	0.357933
0.34191	0.364825
0.334565	0.371572
0.327088	0.378172
0.31948	0.38462
0.311745	0.390916
0.303886	0.397056
0.295906	0.403038
0.287809	0.40886
0.279596	0.414519
0.271273	0.420013
0.262842	0.42534
0.254306	0.430498
0.245669	0.435484
0.236934	0.440298
0.228105	0.444936
0.219186	0.449397
0.210179	0.453679
0.201088	0.457781
0.191917	0.461701
0.182671	0.465437
0.173351	0.468988
0.163962	0.472352
0.154508	0.475528
0.144993	0.478515
0.13542	0.481312
0.125793	0.483917
0.116116	0.48633
0.106393	0.488549
0.096628	0.490574
0.0868241	0.492404
0.0769857	0.494038
0.0671166	0.495475
0.0572209	0.496715
0.0473024	0.497757
0.037365	0.498602
0.0274129	0.499248
0.0174497	0.499695
0.0074797	0.499944
-0.00249332	0.499994
-0.0124653	0.499845
-0.0224324	0.499497
-0.0323906	0.49895
-0.0423358	0.498204
-0.0522642	0.497261
-0.0621719	0.49612
-0.0720547	0.494781
-0.081909	0.493245
-0.0917306	0.491513
-0.101516	0.489586
-0.11126	0.487464
-0.120961	0.485148
-0.130613	0.482639
-0.140214	0.479938
-0.149758	0.477046
-0.159243	0.473964
-0.168665	0.470693
-0.17802	0.467236
-0.187303	0.463592
-0.196513	0.459764
-0.205644	0.455753
-0.214693	0.451561
-0.223657	0.447189
-0.232531	0.442639
-0.241314	0.437913
-0.25	0.433013
-0.258587	0.42794
-0.267071	0.422698
-0.275448	0.417287
-0.283717	0.41171
-0.291872	0.405969
-0.299911	0.400067
-0.307831	0.394005
-0.315628	0.387787
-0.3233	0.381415
-0.330843	0.374891
-0.338254	0.368217
-0.345531	0.361397
-0.352671	0.354434
-0.35967	0.347329
-0.366526	0.340086
-0.373236	0.332708
-0.379798	0.325198
-0.386208	0.317558
-0.392465	0.309792
-0.398566	0.301902
-0.404508	0.293893
-0.41029	0.285766
-0.415908	0.277526
-0.42136	0.269175
-0.426645	0.260718
-0.431761	0.252156
-0.436704	0.243494
-0.441474	0.234736
-0.446068	0.225884
-0.450484	0.216942
-0.454722	0.207914
-0.458778	0.198803
-0.462652	0.189613
-0.466342	0.180347
-0.469846	0.17101
-0.473164	0.161605
-0.476293	0.152135
-0.479232	0.142605
-0.481981	0.133018
-0.484539	0.123379
-0.486903	0.11369
-0.489074	0.103956
-0.49105	0.0941804
-0.492831	0.0843676
-0.494415	0.0745211
-0.495803	0.064645
-0.496994	0.0547432
-0.497987	0.0448197
-0.498782	0.0348782
-0.499378	0.0249229
-0.499776	0.0149577
-0.499975	0.00498657
-0.499975	-0.00498657
-0.499776	-0.0149577
-0.499378	-0.0249229
-0.498782	-0.0348782
-0.497987	-0.0448197
-0.496994	-0.0547432
-0.495803	-0.064645
-0.494415	-0.0745211
-0.492831	-0.0843676
-0.49105	-0.0941804
-0.489074	-0.103956
-0.486903	-0.11369
-0.484539	-0.123379
-0.481981	-0.133018
-0.479232	-0.142605
-0.476293	-0.152135
-0.473164	-0.161605
-0.469846	-0.17101
-0.466342	-0.180347
-0.462652	-0.189613
-0.458778	-0.198803
-0.454722	-0.207914
-0.450484	-0.216942
-0.446068	-0.225884
-0.441474	-0.234736
-0.436704	-0.243494
-0.431761	-0.252156
-0.426645	-0.260718
-0.42136	-0.269175
-0.415908	-0.277526
-0.41029	-0.285766
-0.404508	-0.293893
-0.398566	-0.301902
-0.392465	-0.309792
-0.386208	-0.317558
-0.379798	-0.325198
-0.373236	-0.332708
-0.366526	-0.340086
-0.35967	-0.347329
-0.352671	-0.354434
-0.345531	-0.361397
-0.338254	-0.368217
-0.330843	-0.374891
-0.3233	-0.381415
-0.315628	-0.387787
-0.307831	-0.394005
-0.299911	-0.400067
-0.291872	-0.405969
-0.283717	-0.41171
-0.275448	-0.417287
-0.267071	-0.422698
-0.258587	-0.42794
-0.25	-0.433013
-0.241314	-0.437913
-0.232531	-0.442639
-0.223657	-0.447189
-0.214693	-0.451561
-0.205644	-0.455753
-0.196513	-0.459764
-0.187303	-0.463592
-0.17802	-0.467236
-0.168665	-0.470693
-0.159243	-0.473964
-0.149758	-0.477046
-0.140214	-0.479938
-0.130613	-0.482639
-0.120961	-0.485148
-0.11126	-0.487464
-0.101516	-0.489586
-0.0917306	-0.491513
-0.081909	-0.493245
-0.0720547	-0.494781
-0.0621719	-0.49612
-0.0522642	-0.497261
-0.0423358	-0.498204
-0.0323906	-0.49895
-0.0224324	-0.499497
-0.0124653	-0.499845
-0.00249332	-0.499994
0.0074797	-0.499944
0.0174497	-0.499695
0.0274129	-0.499248
0.037365	-0.498602
0.0473024	-0.497757
0.0572209	-0.496715
0.0671166	-0.495475
0.0769857	-0.494038
0.0868241	-0.492404
0.096628	-0.490574
0.106393	-0.488549
0.116116	-0.48633
0.125793	-0.483917
0.13542	-0.481312
0.144993	-0.478515
0.154508	-0.475528
0.163962	-0.472352
0.173351	-0.468988
0.182671	-0.465437
0.191917	-0.461701
0.201088	-0.457781
0.210179	-0.453679
0.219186	-0.449397
0.228105	-0.444936
0.236934	-0.440298
0.245669	-0.435484
0.254306	-0.430498
0.262842	-0.42534
0.271273	-0.420013
0.279596	-0.414519
0.287809	-0.40886
0.295906	-0.403038
0.303886	-0.397056
0.311745	-0.390916
0.31948	-0.38462
0.327088	-0.378172
0.334565	-0.371572
0.34191	-0.364825
0.349118	-0.357933
0.356188	-0.350899
0.363116	-0.343725
0.369899	-0.336414
0.376536	-0.328969
0.383022	-0.321394
0.389356	-0.31369
0.395536	-0.305862
0.401557	-0.297912
0.407419	-0.289844
0.413119	-0.28166
0.418655	-0.273364
0.424024	-0.26496
0.429224	-0.25645
0.434254	-0.247838
0.439111	-0.239127
0.443793	-0.230321
0.448298	-0.221424
0.452626	-0.212438
0.456773	-0.203368
0.460738	-0.194217
0.46452	-0.184989
0.468117	-0.175687
0.471528	-0.166316
0.474752	-0.156878
0.477786	-0.147378
0.480631	-0.137819
0.483284	-0.128205
0.485745	-0.11854
0.488013	-0.108828
0.490086	-0.0990731
0.491965	-0.0892784
0.493648	-0.0794483
0.495134	-0.0695866
0.496423	-0.0596971
0.497515	-0.0497839
0.498409	-0.0398509
0.499105	-0.0299021
0.499602	-0.0199413
0.499901	-0.00997265
