0.910388
0.732557
0.606497
0.53124
0.506216
0.53124
0.606497
0.732557
0.910388
0.770852
0.427406
0.556713
0.556713
0.427406
0.770852
0.642746
0.414496
0.414496
0.642746
0.801119
0.329602
0.329602
0.801119
0.708295
0.708295
0.367375
0.367375
0.232128
0.232128
0.247663
0.247663
0.395408
0.395408
0.643171
0.643171
0.98023
0.98023
0.402204
0.402204
0.900453
0.900453
0.46502
0.46502
0.0917783
0.0917783
0.777379
0.777379
0.519135
0.519135
0.314924
0.314924
0.163126
0.163126
0.0625624
0.0625624
0.0124692
0.0124692
0.0124692
0.0124692
0.0625624
0.0625624
0.163126
0.163126
0.314924
0.314924
0.519135
0.519135
0.777379
0.777379
0.0917783
0.0917783
0.46502
0.46502
0.900453
0.900453
0.402204
0.402204
0.98023
0.98023
0.643171
0.643171
0.395408
0.395408
0.247663
0.247663
0.232128
0.232128
0.367375
0.367375
0.708295
0.708295
0.801119
0.329602
0.329602
0.801119
0.642746
0.414496
0.414496
0.642746
0.770852
0.427406
0.556713
0.556713
0.427406
0.770852
0.910388
0.732557
0.606497
0.53124
0.506216
0.53124
0.606497
0.732557
0.910388
