0.773176
0.514067
0.30931
0.157194
0.0564642
0.00628554
0.00628554
0.0564642
0.157194
0.30931
0.514067
0.773176
0.901959
0.463957
0.0888664
0.0888664
0.463957
0.901959
0.985036
0.407206
0.407206
0.985036
0.642013
0.642013
0.388714
0.388714
0.251451
0.251451
0.231442
0.231442
0.368846
0.368846
0.699138
0.699138
0.803164
0.803164
0.323322
0.323322
0.645869
0.645869
0.410873
0.410873
0.768785
0.768785
0.423787
0.423787
0.583834
0.583834
0.905013
0.905013
0.726761
0.726761
0.600468
0.600468
0.525093
0.525093
0.5
0.5
0.525093
0.525093
0.600468
0.600468
0.726761
0.726761
0.905013
0.905013
0.583834
0.583834
0.423787
0.423787
0.768785
0.768785
0.410873
0.410873
0.645869
0.645869
0.323322
0.323322
0.803164
0.803164
0.699138
0.699138
0.368846
0.368846
0.231442
0.231442
0.251451
0.251451
0.388714
0.388714
0.642013
0.642013
0.985036
0.407206
0.407206
0.985036
0.901959
0.463957
0.0888664
0.0888664
0.463957
0.901959
0.773176
0.514067
0.30931
0.157194
0.0564642
0.00628554
0.00628554
0.0564642
0.157194
0.30931
0.514067
0.773176
