0.01	166.171	1.58658e-05	
0.02	7.13947	0.000525885	
0.03	4.0041	-0.00010204	
0.04	3.42971	-0.000202904	
0.05	2.97906	-0.000111839	
0.06	2.68749	0.000156625	
0.07	2.47235	-0.000183683	
0.08	2.30452	-0.000172972	
0.09	2.17073	0.00017462	
0.1	2.06114	1.93959e-05	
0.11	1.96932	-2.44575e-05	
0.12	1.8904	-1.13726e-06	
0.13	1.82195	2.52634e-05	
0.14	1.76132	-3.24214e-05	
0.15	1.70861	1.98943e-05	
0.16	1.66091	-2.2414e-05	
0.17	1.61898	2.29762e-05	
0.18	1.58023	-7.1566e-05	
0.19	1.54633	6.56461e-05	
0.2	1.51426	-6.37514e-05	
0.21	1.4862	1.92316e-05	
0.22	1.45903	-2.04675e-05	
0.23	1.43547	1.20935e-05	
0.24	1.41239	-9.72671e-06	
0.25	1.39226	9.63556e-06	
0.26	1.37266	4.73228e-05	
0.27	1.35468	-4.27786e-05	
0.28	1.33821	6.46231e-06	
0.29	1.32261	1.52471e-05	
0.3	1.30774	-1.624e-05	
0.31	1.29447	-1.95716e-06	
0.32	1.28151	3.17253e-05	
0.33	1.26946	-7.42698e-06	
0.34	1.25808	7.52598e-06	
0.35	1.24746	9.95487e-06	
0.36	1.23718	-3.30108e-05	
0.37	1.22799	1.46633e-05	
0.38	1.21891	2.18871e-05	
0.39	1.21052	7.86289e-05	
0.4	1.20209	-8.52565e-05	
0.41	1.1945	-0.000168249	
0.42	1.18744	-2.92038e-06	
0.43	1.18062	-1.08978e-05	
0.44	1.17441	0.000223384	
0.45	1.16767	-0.000152302	
0.46	1.16201	5.31086e-05	
0.47	1.1529	-9.65806e-06	
0.48	1.1486	4.2618e-05	
0.49	1.14313	9.25678e-05	
0.5	1.13812	-8.19735e-05	
0.51	1.13366	9.04977e-05	
0.52	1.12906	-6.40521e-05	
0.53	1.12484	3.69029e-05	
0.54	1.12086	4.80432e-06	
0.55	1.11681	-0.000212544	
0.56	1.11327	1.61464e-05	
0.57	1.10961	0.000158212	
0.58	1.1063	-3.68524e-05	
0.59	1.10291	-8.11155e-06	
0.6	1.09992	6.69578e-05	
0.61	1.09683	-3.81183e-05	
0.62	1.09391	2.74731e-05	
0.63	1.09135	-0.000113295	
0.64	1.08841	6.20575e-05	
0.65	1.08601	-0.000141544	
0.66	1.08351	1.84138e-05	
0.67	1.08118	0.000159627	
0.68	1.07879	-3.13918e-05	
0.69	1.07682	-9.30251e-05	
0.7	1.07445	9.06581e-05	
0.71	1.07253	-4.3654e-05	
0.72	1.07058	-7.8695e-05	
0.73	1.06867	0.000142078	
0.74	1.06676	-2.37129e-05	
0.75	1.0652	-8.39221e-05	
0.76	1.06324	7.86139e-05	
0.77	1.0617	-9.72575e-05	
0.78	1.06013	-1.35603e-05	
0.79	1.05855	5.97422e-06	
0.8	1.05702	-6.9763e-06	
0.81	1.05559	-1.28353e-05	
0.82	1.05415	-1.91391e-06	
0.83	1.05279	8.00665e-05	
0.84	1.05149	-7.59199e-05	
0.85	1.0502	1.17159e-05	
0.86	1.04892	-2.15411e-05	
0.87	1.04767	-6.3231e-06	
0.88	1.04652	9.99457e-06	
0.89	1.04534	9.57833e-05	
0.9	1.04427	-8.80219e-05	
0.91	1.04315	9.53466e-06	
0.92	1.04207	-7.13669e-06	
0.93	1.04096	0.000109971	
0.94	1.04	3.23875e-05	
0.95	1.03907	-0.000129074	
0.96	1.03803	6.64904e-06	
0.97	1.03704	2.72283e-05	
0.98	1.03617	-7.27095e-05	
0.99	1.03525	3.76303e-05	
1	1.03431	0.000102592	
1.01	1.03352	-5.51248e-05	
1.02	1.03258	-4.43397e-05	
1.03	1.03171	0.000121548	
1.04	1.03093	2.99659e-05	
1.05	1.03017	-7.72448e-05	
1.06	1.02933	-7.49054e-05	
1.07	1.02849	7.49331e-05	
1.08	1.02779	-5.24303e-05	
1.09	1.02703	-2.70516e-05	
1.1	1.02627	-1.9334e-05	
1.11	1.02551	5.34075e-05	
1.12	1.02472	6.54212e-05	
1.13	1.02408	-6.61833e-05	
1.14	1.02339	2.25168e-07	
1.15	1.02269	-4.63604e-05	
1.16	1.02197	5.79285e-05	
1.17	1.02123	7.00556e-05	
1.18	1.02062	-3.61032e-05	
1.19	1.01998	-5.13053e-05	
1.2	1.0193	-4.57169e-05	
1.21	1.01858	0.000132355	
1.22	1.01799	3.98591e-05	
1.23	1.01736	-3.19016e-06	
1.24	1.01673	-0.000133458	
1.25	1.01608	0.000128016	
1.26	1.01541	3.95168e-06	
1.27	1.01483	-2.81213e-05	
1.28	1.01424	-1.96772e-05	
1.29	1.01364	-9.20922e-05	
1.3	1.01301	-2.05654e-05	
1.31	1.01243	0.000150497	
1.32	1.01176	-1.36902e-05	
1.33	1.01122	2.90753e-05	
1.34	1.01064	1.08464e-05	
1.35	1.01005	-3.00601e-05	
1.36	1.00948	-1.88099e-05	
1.37	1.00888	-0.000114229	
1.38	1.00834	0.000115143	
1.39	1.00769	2.63395e-05	
1.4	1.00717	1.84247e-05	
1.41	1.00661	-6.04002e-07	
1.42	1.00605	-6.41574e-06	
1.43	1.00548	-2.1363e-05	
1.44	1.00488	-0.000143724	
1.45	1.0044	0.000111332	
1.46	1.00376	4.18263e-05	
1.47	1.00327	3.10522e-05	
1.48	1.0027	-1.43191e-05	
1.49	1.00216	-4.71057e-06	
1.5	1.00162	-1.45752e-06	
1.51	1.00099	-0.000151669	
1.52	1.00056	9.48693e-05	
1.53	0.999933	4.15943e-05	
1.54	0.999466	3.69122e-05	
1.55	0.998912	1.56993e-05	
1.56	0.998352	-3.90466e-05	
1.57	0.997852	6.07877e-06	
1.58	0.997287	-0.000134978	
1.59	0.996766	6.40457e-05	
1.6	0.996247	9.40737e-05	
1.61	0.995644	-6.78415e-05	
1.62	0.995173	-5.06028e-05	
1.63	0.994671	6.53228e-05	
1.64	0.99414	6.37478e-05	
1.65	0.99355	-5.91658e-05	
1.66	0.992958	-0.000160504	
1.67	0.992623	9.26083e-05	
1.68	0.992048	0.000132885	
1.69	0.991547	3.21984e-05	
1.7	0.990985	-1.74498e-05	
1.71	0.990472	-2.03916e-05	
1.72	0.989964	-1.94985e-06	
1.73	0.989447	2.03787e-06	
1.74	0.988815	-0.000195916	
1.75	0.988437	6.33346e-05	
1.76	0.987946	0.000106942	
1.77	0.987351	-4.38847e-05	
1.78	0.986934	0.00010434	
1.79	0.986451	4.7956e-05	
1.8	0.985886	7.89731e-06	
1.81	0.985209	-6.35605e-05	
1.82	0.984833	-2.01986e-05	
1.83	0.984361	1.49775e-05	
1.84	0.983876	2.21804e-05	
1.85	0.983361	1.55373e-05	
1.86	0.982843	8.48501e-06	
1.87	0.982179	-0.000140963	
1.88	0.981833	1.24887e-05	
1.89	0.981392	8.4255e-05	
1.9	0.980873	4.81287e-05	
1.91	0.980346	8.93962e-06	
1.92	0.979813	2.1793e-05	
1.93	0.979347	-1.6858e-05	
1.94	0.978838	-1.07743e-05	
1.95	0.978363	1.35849e-06	
1.96	0.977795	2.74958e-06	
1.97	0.977354	-1.72495e-05	
1.98	0.976873	-6.64146e-06	
1.99	0.976393	-4.32503e-06	
2	0.975915	2.28836e-06	
2.01	0.975435	1.15436e-05	
2.02	0.974921	-1.52065e-07	
2.03	0.97424	-0.000148575	
2.04	0.973981	1.68626e-05	
2.05	0.973569	8.65769e-05	
2.06	0.973035	3.81199e-05	
2.07	0.972525	3.82482e-06	
2.08	0.972041	-1.34095e-06	
2.09	0.971214	-0.000240405	
2.1	0.971151	5.32262e-05	
2.11	0.970777	0.000133357	
2.12	0.970221	7.15986e-05	
2.13	0.969669	1.05961e-05	
2.14	0.968807	-0.00024494	
2.15	0.968761	3.60328e-05	
2.16	0.968419	0.000130059	
2.17	0.967866	7.32754e-05	
2.18	0.967316	1.5328e-05	
2.19	0.966391	-0.000271349	
2.2	0.966424	4.23347e-05	
2.21	0.966104	0.000137198	
2.22	0.965547	7.98867e-05	
2.23	0.964988	1.62925e-05	
2.24	0.964058	-0.000258514	
2.25	0.964107	3.89765e-05	
2.26	0.963796	0.000130212	
2.27	0.963243	7.68639e-05	
2.28	0.962685	1.63826e-05	
2.29	0.961773	-0.000231897	
2.3	0.961811	2.8551e-05	
2.31	0.96151	0.000121112	
2.32	0.96096	7.00224e-05	
2.33	0.960411	1.62786e-05	
2.34	0.959504	-0.000218164	
2.35	0.959553	2.96782e-05	
2.36	0.959249	0.000110294	
2.37	0.958705	6.39197e-05	
2.38	0.958164	1.41836e-05	
2.39	0.957689	-3.4285e-06	
2.4	0.956925	-0.000144717	
2.41	0.956849	7.13178e-06	
2.42	0.956517	7.59931e-05	
2.43	0.955994	3.62972e-05	
2.44	0.955513	8.92149e-06	
2.45	0.955062	4.4781e-06	
2.46	0.954626	9.33994e-06	
2.47	0.953835	-0.000139362	
2.48	0.953809	2.01532e-05	
2.49	0.953466	7.25661e-05	
2.5	0.952935	2.93225e-05	
2.51	0.952466	6.08986e-06	
2.52	0.952032	5.88363e-06	
2.53	0.951604	1.1089e-05	
2.54	0.950811	-0.000134237	
2.55	0.950808	2.42821e-05	
2.56	0.950467	6.83684e-05	
2.57	0.949639	-9.38193e-05	
2.58	0.949479	2.05445e-05	
2.59	0.949263	7.20214e-05	
2.6	0.948753	5.90904e-05	
2.61	0.948212	1.10949e-05	
2.62	0.947765	-6.1666e-06	
2.63	0.947365	3.32283e-06	
2.64	0.946669	-9.23566e-05	
2.65	0.946593	7.40951e-06	
2.66	0.946273	5.791e-05	
2.67	0.945766	2.2524e-05	
2.68	0.945309	4.98472e-06	
2.69	0.944896	1.19398e-06	
2.7	0.944496	1.06299e-05	
2.71	0.943793	-8.9547e-05	
2.72	0.943731	9.78558e-06	
2.73	0.943411	5.32746e-05	
2.74	0.942909	1.89059e-05	
2.75	0.942467	2.86845e-06	
2.76	0.94207	2.98239e-06	
2.77	0.941677	1.11422e-05	
2.78	0.940968	-9.11363e-05	
2.79	0.940935	1.53736e-05	
2.8	0.940619	5.26278e-05	
2.81	0.940122	1.81443e-05	
2.82	0.939687	3.21868e-06	
2.83	0.9393	3.68582e-06	
2.84	0.938914	1.18844e-05	
2.85	0.938225	-8.40201e-05	
2.86	0.938189	1.46074e-05	
2.87	0.937869	4.64356e-05	
2.88	0.937369	1.26309e-05	
2.89	0.936971	9.58606e-07	
2.9	0.936615	1.31295e-05	
2.91	0.936205	1.2266e-05	
2.92	0.935519	-8.29784e-05	
2.93	0.9355	1.3778e-05	
2.94	0.935195	4.57096e-05	
2.95	0.93472	1.6369e-05	
2.96	0.934302	3.3751e-06	
2.97	0.933951	9.60414e-06	
2.98	0.933553	1.10585e-05	
2.99	0.932901	-7.5239e-05	
3	0.932864	1.0683e-05	
3.01	0.932555	3.94782e-05	
3.02	0.932094	1.27044e-05	
3.03	0.931695	1.89609e-06	
3.04	0.931358	1.03016e-05	
3.05	0.930986	1.65942e-05	
3.06	0.930297	-7.497e-05	
3.07	0.930292	1.14129e-05	
3.08	0.930006	4.02643e-05	
3.09	0.929551	1.57502e-05	
3.1	0.929167	9.19301e-06	
3.11	0.928802	9.48996e-06	
3.12	0.928417	6.8481e-06	
3.13	0.927857	-4.79107e-05	
3.14	0.927761	-1.26512e-06	
3.15	0.927454	2.89915e-05	
3.16	0.927023	6.48813e-06	
3.17	0.926674	6.0784e-06	
3.18	0.926324	1.01328e-05	
3.19	0.925968	1.30494e-05	
3.2	0.925591	6.46029e-06	
3.21	0.925062	-3.95228e-05	
3.22	0.924944	-6.77997e-06	
3.23	0.924632	2.27981e-05	
3.24	0.924185	-3.99778e-06	
3.25	0.923902	3.31365e-07	
3.26	0.923572	1.56224e-05	
3.27	0.92322	1.57917e-05	
3.28	0.922865	1.42907e-05	
3.29	0.922258	-5.37295e-05	
3.3	0.922212	-1.15777e-06	
3.31	0.921948	3.14992e-05	
3.32	0.921552	1.74386e-05	
3.33	0.921174	6.03123e-06	
3.34	0.92084	6.91853e-06	
3.35	0.920504	1.08563e-05	
3.36	0.919979	-3.1455e-05	
3.37	0.919863	-8.56753e-06	
3.38	0.919585	2.3296e-05	
3.39	0.91921	1.09264e-05	
3.4	0.91886	5.49504e-06	
3.41	0.918533	7.14295e-06	
3.42	0.918206	1.13697e-05	
3.43	0.917854	5.16747e-06	
3.44	0.917509	-1.1749e-05	
3.45	0.917235	-1.04029e-05	
3.46	0.916876	1.52864e-06	
3.47	0.916597	-2.51297e-05	
3.48	0.916274	3.92212e-05	
3.49	0.915925	-3.59488e-05	
3.5	0.915626	1.55527e-05	
3.51	0.915323	-9.47644e-06	
3.52	0.915044	3.60017e-05	
3.53	0.914685	8.70829e-06	
3.54	0.914394	3.32851e-07	
3.55	0.914023	3.77924e-06	
3.56	0.913737	-5.69328e-06	
3.57	0.913457	1.81914e-07	
3.58	0.913169	1.02387e-05	
3.59	0.912845	1.31401e-05	
3.6	0.912521	1.11219e-05	
3.61	0.912176	3.33779e-06	
3.62	0.911885	-3.3145e-05	
3.63	0.911598	-2.54674e-06	
3.64	0.911285	5.76358e-06	
3.65	0.91098	6.71358e-06	
3.66	0.910694	1.00329e-06	
3.67	0.910434	4.75091e-06	
3.68	0.910134	1.31921e-05	
3.69	0.909828	1.30862e-05	
3.7	0.909501	1.20574e-05	
3.71	0.909145	-4.32044e-05	
3.72	0.908895	-3.20449e-06	
3.73	0.908649	1.87731e-05	
3.74	0.908347	2.11239e-05	
3.75	0.908035	1.34048e-05	
3.76	0.907755	6.20006e-06	
3.77	0.907443	8.09544e-06	
3.78	0.907082	-5.83101e-05	
3.79	0.906847	-3.2787e-06	
3.8	0.906616	1.72888e-05	
3.81	0.906305	2.13877e-05	
3.82	0.906001	7.20022e-06	
3.83	0.905758	2.30994e-06	
3.84	0.905474	1.1736e-05	
3.85	0.905182	1.03196e-05	
3.86	0.904841	5.72862e-06	
3.87	0.904562	-4.18776e-05	
3.88	0.904301	1.68946e-06	
3.89	0.904057	1.22118e-05	
3.9	0.903751	1.40388e-05	
3.91	0.903482	1.43201e-06	
3.92	0.903251	1.06269e-05	
3.93	0.902944	9.28625e-06	
3.94	0.902668	7.85619e-06	
3.95	0.902367	9.65446e-06	
3.96	0.902041	-4.9182e-05	
3.97	0.901812	-2.86527e-06	
3.98	0.901589	1.64154e-05	
3.99	0.90131	1.71501e-05	
4	0.901025	1.08618e-05	
4.01	0.900794	8.96335e-06	
4.02	0.900493	8.48205e-06	
4.03	0.900224	4.10949e-06	
4.04	0.899909	4.18584e-06	
4.05	0.899645	-4.54239e-05	
4.06	0.899402	2.40553e-06	
4.07	0.899178	1.19631e-05	
4.08	0.898898	1.24557e-05	
4.09	0.89863	3.44084e-06	
4.1	0.898417	8.31925e-06	
4.11	0.898127	8.14863e-06	
4.12	0.897891	1.18309e-05	
4.13	0.897591	9.19779e-06	
4.14	0.897249	-1.45075e-06	
4.15	0.897066	-3.69866e-05	
4.16	0.896819	8.49064e-06	
4.17	0.896583	9.46019e-06	
4.18	0.896296	5.48768e-06	
4.19	0.896076	2.76742e-06	
4.2	0.89582	5.6556e-06	
4.21	0.89559	8.41348e-06	
4.22	0.895314	1.04103e-05	
4.23	0.895078	1.13271e-05	
4.24	0.894779	1.1989e-05	
4.25	0.894485	-5.1074e-05	
4.26	0.894284	-3.52022e-06	
4.27	0.894067	1.33549e-05	
4.28	0.893837	1.9169e-05	
4.29	0.893556	8.63026e-06	
4.3	0.893349	7.50985e-06	
4.31	0.89308	5.19082e-06	
4.32	0.892859	8.20878e-06	
4.33	0.892583	7.85465e-06	
4.34	0.892251	-1.54858e-06	
4.35	0.892053	-5.20885e-05	
4.36	0.891885	1.05258e-05	
4.37	0.89166	1.6801e-05	
4.38	0.891377	8.30888e-06	
4.39	0.891161	5.25336e-06	
4.4	0.890915	2.04414e-06	
4.41	0.8907	7.75842e-06	
4.42	0.890465	1.07246e-05	
4.43	0.890219	1.23047e-05	
4.44	0.889959	6.17974e-06	
4.45	0.889718	7.13631e-06	
4.46	0.889425	-5.08222e-05	
4.47	0.889237	-4.23727e-06	
4.48	0.889039	1.12561e-05	
4.49	0.888803	1.35314e-05	
4.5	0.888596	1.16224e-05	
4.51	0.888332	6.00602e-06	
4.52	0.888155	-2.5877e-06	
4.53	0.887916	1.77675e-05	
4.54	0.887675	9.82609e-06	
4.55	0.887425	6.79454e-06	
4.56	0.887135	2.03688e-07	
4.57	0.88694	-4.50701e-05	
4.58	0.886753	5.90922e-06	
4.59	0.886548	1.10444e-05	
4.6	0.886292	6.68958e-06	
4.61	0.886102	5.28631e-06	
4.62	0.885872	2.60505e-06	
4.63	0.885674	7.74485e-06	
4.64	0.885451	1.04424e-05	
4.65	0.88522	1.16711e-05	
4.66	0.884998	1.05298e-05	
4.67	0.884744	6.7518e-06	
4.68	0.884456	-5.88443e-05	
4.69	0.884295	-1.91332e-06	
4.7	0.884136	8.01982e-06	
4.71	0.883932	2.71659e-05	
4.72	0.883668	1.10874e-05	
4.73	0.883503	5.4689e-06	
4.74	0.883271	1.35553e-05	
4.75	0.883052	5.40015e-06	
4.76	0.882837	6.4157e-06	
4.77	0.882594	3.69541e-06	
4.78	0.882293	-2.20413e-06	
4.79	0.882156	-4.4097e-05	
4.8	0.882011	-1.55198e-06	
4.81	0.881762	1.26003e-05	
4.82	0.881591	-1.98424e-05	
4.83	0.881392	3.12913e-05	
4.84	0.881173	-1.03508e-06	
4.85	0.880947	1.47446e-05	
4.86	0.880729	1.22927e-05	
4.87	0.880536	9.64138e-06	
4.88	0.880333	6.21006e-06	
4.89	0.880138	4.30016e-06	
4.9	0.879928	6.30262e-06	
4.91	0.879722	6.55499e-06	
4.92	0.879467	5.68423e-06	
4.93	0.879213	-6.67715e-05	
4.94	0.879094	-1.32879e-07	
4.95	0.878932	1.33411e-05	
4.96	0.878623	6.42018e-06	
4.97	0.878552	5.55363e-06	
4.98	0.878359	1.63115e-05	
4.99	0.878104	-4.2188e-06	
5	0.877963	5.14106e-07	
5.01	0.877749	1.58426e-05	
5.02	0.877557	8.93209e-06	
5.03	0.877326	1.77031e-05	
5.04	0.877132	7.77213e-06	
5.05	0.87687	2.12742e-07	
5.06	0.8767	-5.47638e-05	
5.07	0.87654	6.60086e-06	
5.08	0.876306	6.9047e-06	
5.09	0.876183	-1.9888e-05	
5.1	0.876036	3.39003e-05	
5.11	0.875792	-5.32466e-06	
5.12	0.875574	1.02288e-05	
5.13	0.87539	7.86035e-06	
5.14	0.875203	7.76176e-06	
5.15	0.875029	2.21309e-06	
5.16	0.874847	3.99699e-06	
5.17	0.874674	-1.3825e-07	
5.18	0.874466	1.33386e-05	
5.19	0.874291	2.81717e-06	
5.2	0.874081	1.45057e-05	
5.21	0.873863	1.80036e-07	
5.22	0.873614	-6.40528e-05	
5.23	0.873505	2.30886e-06	
5.24	0.873375	8.16812e-06	
5.25	0.873163	1.90379e-05	
5.26	0.872925	1.66811e-06	
5.27	0.872845	-1.0271e-06	
5.28	0.872652	1.865e-05	
5.29	0.872569	1.59452e-05	
5.3	0.872188	1.5833e-05	
5.31	0.872118	1.35605e-05	
5.32	0.871867	1.16255e-06	
5.33	0.871772	-7.32012e-06	
5.34	0.871475	2.16662e-05	
5.35	0.871309	-3.74193e-05	
5.36	0.871131	-2.54705e-05	
5.37	0.87092	1.02432e-06	
5.38	0.870834	-2.53322e-05	
5.39	0.870724	4.62671e-05	
5.4	0.870548	7.34134e-06	
5.41	0.870247	-1.88223e-06	
5.42	0.870095	-2.46427e-06	
5.43	0.869948	3.99071e-06	
5.44	0.86978	2.16534e-06	
5.45	0.869631	-1.57221e-06	
5.46	0.869443	9.51058e-06	
5.47	0.869284	1.39684e-06	
5.48	0.869107	8.01137e-06	
5.49	0.868932	8.49756e-06	
5.5	0.868757	8.75298e-06	
5.51	0.868543	7.00041e-06	
5.52	0.868331	-5.55651e-05	
5.53	0.868209	-8.6946e-07	
5.54	0.868083	3.26095e-06	
5.55	0.867913	1.91111e-05	
5.56	0.867628	-9.07262e-06	
5.57	0.86758	-6.30802e-06	
5.58	0.867471	8.58628e-06	
5.59	0.867291	2.25675e-05	
5.6	0.867127	1.11959e-05	
5.61	0.866911	1.42445e-05	
5.62	0.866815	3.8586e-06	
5.63	0.866552	2.21541e-05	
5.64	0.866461	4.66982e-06	
5.65	0.866146	-5.46418e-05	
5.66	0.865999	-1.83477e-05	
5.67	0.865871	4.92835e-06	
5.68	0.865761	-3.44438e-05	
5.69	0.865675	5.21345e-05	
5.7	0.865546	7.04574e-06	
5.71	0.865218	6.96427e-06	
5.72	0.865157	8.12806e-06	
5.73	0.864939	9.78391e-06	
5.74	0.864748	-1.84538e-05	
5.75	0.864652	-8.941e-06	
5.76	0.864516	2.70913e-06	
5.77	0.864365	1.13029e-05	
5.78	0.864195	1.17511e-05	
5.79	0.864035	1.04687e-05	
5.8	0.863867	8.10178e-06	
5.81	0.863711	6.73685e-06	
5.82	0.863508	5.23283e-06	
5.83	0.863334	-5.33493e-05	
5.84	0.863211	-2.10408e-06	
5.85	0.863042	-6.66397e-06	
5.86	0.862986	2.75392e-05	
5.87	0.862857	3.79446e-05	
5.88	0.862648	-1.35672e-05	
5.89	0.862406	-1.22508e-05	
5.9	0.86235	-8.1009e-06	
5.91	0.862156	1.34767e-05	
5.92	0.862089	9.94158e-06	
5.93	0.861781	-2.0795e-06	
5.94	0.861733	-2.17707e-06	
5.95	0.861589	-3.88926e-06	
5.96	0.861447	4.02e-06	
5.97	0.861296	8.89274e-06	
5.98	0.861138	8.70719e-06	
5.99	0.860988	8.05979e-06	
6	0.860815	1.09434e-05	
6.01	0.860747	6.82505e-06	
6.02	0.860483	1.48108e-05	
6.03	0.860331	-3.70977e-05	
6.04	0.860199	-2.50742e-05	
6.05	0.860072	-1.07701e-05	
6.06	0.86	3.20255e-05	
6.07	0.859941	1.74649e-05	
6.08	0.85959	4.53069e-06	
6.09	0.859506	-1.07644e-06	
6.1	0.859377	-4.25087e-06	
6.11	0.859239	1.15024e-06	
6.12	0.859136	3.37476e-07	
6.13	0.858932	1.38072e-05	
6.14	0.858863	6.9434e-06	
6.15	0.858633	8.42327e-06	
6.16	0.858572	4.9319e-06	
6.17	0.85834	1.01834e-05	
6.18	0.858282	4.55877e-06	
6.19	0.858006	-6.32406e-05	
6.2	0.857873	-9.09805e-06	
6.21	0.857829	-5.71617e-06	
6.22	0.857674	-1.62337e-05	
6.23	0.857602	5.50388e-05	
6.24	0.857488	1.26259e-05	
6.25	0.85721	-2.17202e-05	
6.26	0.857077	-5.13397e-06	
6.27	0.857042	-1.11313e-06	
6.28	0.856925	1.94093e-05	
6.29	0.856788	1.33838e-06	
6.3	0.856506	-6.48549e-06	
6.31	0.856458	-3.38465e-06	
6.32	0.856301	8.99594e-06	
6.33	0.856147	-1.18901e-05	
6.34	0.856062	-6.70338e-06	
6.35	0.855945	3.30395e-06	
6.36	0.855836	1.17325e-05	
6.37	0.855647	1.33471e-05	
6.38	0.855584	1.01517e-05	
6.39	0.855387	8.08238e-06	
6.4	0.855329	7.29301e-06	
6.41	0.855073	1.65731e-05	
6.42	0.855011	6.24986e-06	
6.43	0.854793	-7.6155e-06	
6.44	0.854604	-7.23644e-05	
6.45	0.854575	-7.79576e-07	
6.46	0.854526	-5.1674e-07	
6.47	0.85436	5.04001e-06	
6.48	0.85424	4.41642e-05	
6.49	0.854169	1.5748e-05	
6.5	0.85388	-1.14789e-05	
6.51	0.853833	-9.9048e-06	
6.52	0.853675	2.26112e-06	
6.53	0.85362	-1.52462e-06	
6.54	0.853397	4.18879e-07	
6.55	0.853304	-9.61502e-06	
6.56	0.85321	-3.24175e-06	
6.57	0.853092	7.81469e-06	
6.58	0.852997	8.04193e-06	
6.59	0.852818	1.45393e-05	
6.6	0.85276	1.07318e-05	
6.61	0.852532	1.42245e-05	
6.62	0.852472	2.09166e-06	
6.63	0.852247	2.98042e-06	
6.64	0.852201	-3.55151e-06	
6.65	0.851996	-5.83927e-05	
6.66	0.851905	5.55407e-06	
6.67	0.851855	6.16615e-07	
6.68	0.851736	-9.64192e-06	
6.69	0.851595	3.88489e-05	
6.7	0.85158	1.73745e-05	
6.71	0.851195	-1.45891e-05	
6.72	0.851152	-2.06701e-05	
6.73	0.851079	-8.61917e-06	
6.74	0.851042	-1.70903e-06	
6.75	0.850929	1.77386e-05	
6.76	0.850723	8.86663e-06	
6.77	0.850665	7.08001e-06	
6.78	0.850458	8.42129e-06	
6.79	0.85041	5.9406e-06	
6.8	0.850212	-1.47243e-06	
6.81	0.850146	-1.52103e-05	
6.82	0.850022	-4.56656e-07	
6.83	0.849969	-2.2119e-06	
6.84	0.849785	1.60846e-05	
6.85	0.84973	1.16118e-05	
6.86	0.849525	8.88463e-06	
6.87	0.849473	4.75239e-06	
6.88	0.849298	7.1677e-06	
6.89	0.849184	-2.9095e-06	
6.9	0.849074	4.14127e-06	
6.91	0.848816	-7.73227e-05	
6.92	0.848822	-4.00576e-06	
6.93	0.848784	-3.30876e-06	
6.94	0.848666	1.03641e-05	
6.95	0.848584	5.4747e-05	
6.96	0.848483	9.39618e-06	
6.97	0.848185	-2.54998e-05	
6.98	0.848135	-1.23391e-05	
6.99	0.848103	-9.82462e-06	
7	0.848007	2.41153e-05	
7.01	0.847958	2.54135e-05	
7.02	0.847687	5.6003e-06	
7.03	0.847627	-3.4264e-06	
7.04	0.84749	-3.15174e-05	
7.05	0.84732	2.21493e-06	
7.06	0.84729	8.40786e-06	
7.07	0.847199	2.80138e-05	
7.08	0.847126	-2.84756e-06	
7.09	0.846924	-7.15875e-06	
7.1	0.846863	-1.37579e-05	
7.11	0.8467	-2.29601e-05	
7.12	0.846593	1.75905e-05	
7.13	0.846563	2.20636e-05	
7.14	0.846476	-1.39953e-05	
7.15	0.846172	-2.27436e-06	
7.16	0.846154	6.21415e-06	
7.17	0.846119	-3.50767e-06	
7.18	0.84608	2.19505e-06	
7.19	0.84595	2.7242e-05	
7.2	0.845634	-3.18861e-05	
7.21	0.845602	-2.31507e-05	
7.22	0.845524	1.09364e-05	
7.23	0.845358	-2.09925e-05	
7.24	0.845334	-2.05909e-05	
7.25	0.845338	1.38716e-05	
7.26	0.845212	4.15438e-05	
7.27	0.845068	1.9078e-05	
7.28	0.844923	4.26817e-06	
7.29	0.844825	5.10809e-07	
7.3	0.844761	-1.59191e-06	
7.31	0.844573	2.49828e-06	
7.32	0.844528	3.86153e-07	
7.33	0.844467	5.66012e-07	
7.34	0.844247	9.81214e-06	
7.35	0.844211	9.65123e-06	
7.36	0.844143	-2.4584e-07	
7.37	0.843925	1.15931e-05	
7.38	0.843875	-3.01098e-06	
7.39	0.843831	2.55518e-08	
7.4	0.843571	-6.08986e-05	
7.41	0.843524	-4.89939e-05	
7.42	0.843628	7.99564e-05	
7.43	0.843358	2.53271e-05	
7.44	0.843276	8.66284e-06	
7.45	0.843106	-4.66495e-05	
7.46	0.843068	-3.44265e-05	
7.47	0.84295	1.21234e-05	
7.48	0.842912	1.03291e-05	
7.49	0.842852	1.1635e-05	
7.5	0.84266	-1.72713e-05	
7.51	0.84261	-1.25722e-05	
7.52	0.842534	3.54096e-05	
7.53	0.842302	-1.84239e-06	
7.54	0.842263	-3.55767e-06	
7.55	0.842161	7.1857e-06	
7.56	0.842079	-1.25252e-05	
7.57	0.841994	-1.00275e-05	
7.58	0.841951	-8.31457e-06	
7.59	0.841786	1.2946e-05	
7.6	0.841709	8.37359e-06	
7.61	0.841658	6.86521e-07	
7.62	0.841511	1.21457e-05	
7.63	0.841476	1.31425e-05	
7.64	0.84131	8.3014e-06	
7.65	0.841258	-1.00731e-07	
7.66	0.841124	9.80474e-06	
7.67	0.841065	3.8661e-06	
7.68	0.840876	2.42625e-06	
7.69	0.840842	-4.33399e-08	
7.7	0.840658	-6.42567e-05	
7.71	0.840599	-1.2442e-05	
7.72	0.840565	-9.88247e-06	
7.73	0.840473	1.90683e-05	
7.74	0.840432	4.45386e-05	
7.75	0.840389	3.8404e-05	
7.76	0.84014	-1.48248e-05	
7.77	0.840094	-2.12055e-05	
7.78	0.84002	-1.28353e-05	
7.79	0.83986	-1.38099e-07	
7.8	0.839811	8.76286e-06	
7.81	0.839777	1.05326e-05	
7.82	0.839672	2.71987e-05	
7.83	0.83941	-5.40185e-05	
7.84	0.839473	-2.46114e-06	
7.85	0.839377	1.07302e-05	
7.86	0.839331	9.20486e-06	
7.87	0.839172	2.01371e-05	
7.88	0.839138	1.75184e-05	
7.89	0.838934	-2.36276e-06	
7.9	0.838896	-1.17128e-05	
7.91	0.838803	-3.74891e-05	
7.92	0.838715	-1.35483e-05	
7.93	0.838681	-6.39744e-06	
7.94	0.83856	3.25879e-05	
7.95	0.838537	1.32516e-05	
7.96	0.838339	-2.3532e-06	
7.97	0.838306	-2.45489e-07	
7.98	0.838116	-5.43193e-06	
7.99	0.838055	-1.86308e-05	
8	0.838001	-1.40887e-05	
8.01	0.837967	-1.06789e-05	
8.02	0.837842	1.41627e-05	
8.03	0.837804	9.68423e-06	
8.04	0.837749	1.37874e-05	
8.05	0.837693	1.14783e-05	
8.06	0.83741	9.43133e-06	
8.07	0.837383	9.03863e-06	
8.08	0.837342	3.50157e-06	
8.09	0.837298	1.15664e-06	
8.1	0.837117	1.91087e-07	
8.11	0.837089	2.53184e-06	
8.12	0.837041	7.58399e-07	
8.13	0.836817	6.99222e-06	
8.14	0.836795	7.63121e-06	
8.15	0.836757	3.97727e-06	
8.16	0.836698	-1.88902e-06	
8.17	0.836435	-6.05713e-05	
8.18	0.836389	-5.84907e-05	
8.19	0.836534	7.3229e-05	
8.2	0.836269	1.91759e-05	
8.21	0.836235	1.77536e-05	
8.22	0.83603	-3.11354e-05	
8.23	0.836006	-2.9388e-05	
8.24	0.835997	-1.90173e-05	
8.25	0.83592	1.81701e-05	
8.26	0.835851	1.71207e-05	
8.27	0.835818	2.19366e-05	
8.28	0.835635	1.47972e-05	
8.29	0.835587	4.89254e-06	
8.3	0.835533	7.56745e-06	
8.31	0.835255	-1.79792e-06	
8.32	0.835232	-9.92395e-06	
8.33	0.835218	-7.29211e-06	
8.34	0.83519	-7.73251e-06	
8.35	0.835127	-1.26064e-05	
8.36	0.835075	-1.20168e-05	
8.37	0.834479	-3.01926e-05	
8.38	0.835002	6.38668e-05	
8.39	0.83488	1.08734e-05	
8.4	0.834507	-2.79463e-05	
8.41	0.834565	-1.70219e-05	
8.42	0.83454	-1.94357e-05	
8.43	0.834479	1.37663e-05	
8.44	0.834401	-1.36996e-05	
8.45	0.834349	-8.77122e-06	
8.46	0.833997	8.07872e-05	
8.47	0.833987	-7.03513e-05	
8.48	0.834128	-1.00832e-05	
8.49	0.834081	-8.16683e-06	
8.5	0.833776	-4.50966e-06	
8.51	0.833825	3.58763e-05	
8.52	0.833801	2.95679e-05	
8.53	0.833652	-2.06435e-05	
8.54	0.833513	-5.36411e-06	
8.55	0.833478	-1.16831e-05	
8.56	0.833454	3.90038e-06	
8.57	0.833341	2.13839e-05	
8.58	0.833313	2.18064e-05	
8.59	0.833189	2.04177e-05	
8.6	0.832959	-8.27586e-05	
8.61	0.833144	4.24017e-05	
8.62	0.832959	2.19664e-05	
8.63	0.83292	1.40369e-05	
8.64	0.832781	-3.8142e-05	
8.65	0.832667	-1.98982e-05	
8.66	0.832643	-1.50315e-05	
8.67	0.832548	1.17589e-05	
8.68	0.832521	9.69848e-06	
8.69	0.832422	4.06879e-06	
8.7	0.8324	9.91431e-06	
8.71	0.832332	4.48717e-06	
8.72	0.832072	-2.17634e-06	
8.73	0.832047	-1.07589e-05	
8.74	0.832032	-7.85087e-06	
8.75	0.831997	-1.44468e-05	
8.76	0.831965	-5.47843e-06	
8.77	0.831873	2.45269e-05	
8.78	0.831832	1.72149e-05	
8.79	0.831793	2.05168e-05	
8.8	0.831465	9.54606e-06	
8.81	0.831451	7.70989e-06	
8.82	0.831423	-6.05928e-06	
8.83	0.831413	-2.46478e-07	
8.84	0.831341	-1.88327e-06	
8.85	0.831308	-3.13513e-06	
8.86	0.831058	-5.29144e-05	
8.87	0.83102	-3.9904e-05	
8.88	0.830996	-3.39442e-05	
8.89	0.831111	8.28383e-05	
8.9	0.830767	1.20262e-05	
8.91	0.830791	5.31269e-06	
8.92	0.830765	-5.42623e-07	
8.93	0.830606	-2.77e-05	
8.94	0.83059	-1.79032e-05	
8.95	0.830548	1.81664e-05	
8.96	0.830379	-2.60709e-05	
8.97	0.830372	-1.87319e-05	
8.98	0.830493	4.90436e-05	
8.99	0.83029	4.30179e-05	
9	0.830141	-1.01397e-05	
9.01	0.830064	-1.8341e-05	
9.02	0.830038	-1.90253e-05	
9.03	0.829927	1.87181e-06	
9.04	0.829776	-2.00302e-05	
9.05	0.829782	-1.01283e-05	
9.06	0.829787	4.12933e-06	
9.07	0.829826	3.41521e-05	
9.08	0.829541	1.08709e-07	
9.09	0.829594	1.71874e-05	
9.1	0.829522	1.22801e-05	
9.11	0.829486	1.11099e-05	
9.12	0.829303	-3.05723e-05	
9.13	0.829219	-2.30482e-05	
9.14	0.829196	-1.9336e-05	
9.15	0.828994	2.96122e-05	
9.16	0.829172	-7.68797e-08	
9.17	0.829136	2.54795e-06	
9.18	0.828926	4.13125e-05	
9.19	0.8287	-5.6725e-05	
9.2	0.828749	-3.42528e-05	
9.21	0.828734	-2.4644e-05	
9.22	0.828826	5.09514e-05	
9.23	0.828638	4.78846e-05	
9.24	0.828602	3.86241e-05	
9.25	0.82839	-5.29703e-05	
9.26	0.828419	1.03136e-05	
9.27	0.8283	-1.93902e-05	
9.28	0.828265	-1.55673e-05	
9.29	0.828153	6.86061e-06	
9.3	0.828118	-3.84857e-06	
9.31	0.828091	-6.53381e-06	
9.32	0.828006	5.77189e-06	
9.33	0.827972	2.77421e-06	
9.34	0.827939	-4.04885e-07	
9.35	0.827761	1.32179e-05	
9.36	0.827725	1.04901e-06	
9.37	0.827707	5.33104e-06	
9.38	0.827668	-8.98031e-08	
9.39	0.827546	1.02544e-05	
9.4	0.827513	4.13875e-06	
9.41	0.827474	1.30929e-07	
9.42	0.827291	6.07677e-06	
9.43	0.827267	4.92386e-06	
9.44	0.827236	-1.55986e-06	
9.45	0.827179	-1.19206e-07	
9.46	0.827152	7.22714e-07	
9.47	0.826991	1.12171e-05	
9.48	0.826947	-2.36049e-06	
9.49	0.826784	-5.80279e-05	
9.5	0.826767	-4.86264e-05	
9.51	0.826878	3.41907e-05	
9.52	0.826791	3.83662e-05	
9.53	0.826754	3.39154e-05	
9.54	0.826549	-3.32066e-06	
9.55	0.826513	-2.72313e-06	
9.56	0.826499	-2.37384e-05	
9.57	0.826447	-2.05238e-05	
9.58	0.826213	1.54575e-05	
9.59	0.826351	-2.75571e-05	
9.6	0.826297	-1.22349e-05	
9.61	0.826252	-5.10854e-06	
9.62	0.826003	2.42437e-05	
9.63	0.825907	6.8865e-07	
9.64	0.825899	-1.92469e-06	
9.65	0.825922	3.39119e-06	
9.66	0.82593	1.26551e-05	
9.67	0.825895	1.42657e-05	
9.68	0.825741	-5.8726e-06	
9.69	0.825627	-1.28348e-05	
9.7	0.825608	-1.05408e-05	
9.71	0.825561	-9.32561e-06	
9.72	0.825488	1.27416e-05	
9.73	0.825455	7.10035e-06	
9.74	0.825429	1.03969e-05	
9.75	0.825388	7.85781e-06	
9.76	0.825155	1.39849e-05	
9.77	0.825124	-2.68643e-06	
9.78	0.825113	6.1104e-07	
9.79	0.825086	-4.7443e-06	
9.8	0.825065	-3.15655e-06	
9.81	0.825029	-5.34397e-06	
9.82	0.824888	1.65616e-05	
9.83	0.824841	6.10711e-06	
9.84	0.824574	-5.97311e-06	
9.85	0.824504	-1.33779e-06	
9.86	0.824396	-9.98754e-06	
9.87	0.824326	-7.62777e-06	
9.88	0.824325	-1.98303e-06	
9.89	0.824266	-7.88647e-06	
9.9	0.824255	2.42402e-06	
9.91	0.824192	-2.53863e-06	
9.92	0.824138	2.82091e-06	
9.93	0.824109	3.2543e-06	
9.94	0.824036	2.82226e-06	
9.95	0.823972	5.40284e-06	
9.96	0.823934	4.27594e-06	
9.97	0.823857	3.01605e-06	
9.98	0.82382	9.23859e-06	
9.99	0.82374	2.10543e-06	
10	0.823711	1.09513e-05	
