1	0	294
2	4	303
3	3	252
4	3	237
5	2	122
6	2	116
7	2	121
8	2	178
9	2	107
10	1	109
11	1	108
12	1	109
13	1	63
14	1	107
15	1	62
16	1	107
17	1	61
18	1	99
19	1	61
20	1	99
21	1	54
22	1	98
23	1	53
24	1	97
25	1	52
26	1	55
27	1	96
28	1	52
29	1	52
30	1	97
31	1	50
32	1	51
33	1	87
34	1	51
35	1	51
36	1	99
37	1	50
38	1	50
39	1	53
40	1	147
41	1	43
42	1	43
43	1	43
44	1	51
45	1	80
46	1	48
47	1	53
48	1	50
49	1	53
50	1	84
51	1	52
52	1	50
53	1	90
54	1	51
55	1	43
56	1	43
57	1	87
58	1	83
59	1	84
60	1	52
61	1	51
62	1	91
63	1	71
64	1	83
65	1	42
66	1	42
67	1	51
68	1	85
69	1	73
70	1	83
71	1	48
72	1	43
73	1	51
74	1	85
75	1	72
76	1	82
77	1	45
78	1	36
79	1	43
80	1	77
81	1	73
82	1	73
83	1	29
84	1	40
85	1	43
86	1	74
87	1	71
88	1	70
89	1	28
90	1	36
91	1	42
92	1	72
93	1	51
94	1	25
95	1	35
96	1	71
97	1	30
98	1	37
99	1	35
100	1	50
101	1	30
102	1	69
103	1	55
104	1	23
105	1	28
106	1	70
107	1	26
108	1	30
109	1	35
110	1	40
111	1	68
112	1	24
113	1	29
114	1	30
115	1	35
116	1	68
117	1	23
118	1	26
119	1	30
120	1	39
121	1	53
122	1	22
123	1	22
124	1	31
125	1	64
126	1	22
127	1	23
128	1	24
129	1	31
130	1	41
131	1	20
132	1	54
133	1	19
134	1	20
135	1	22
136	1	23
137	1	42
138	1	20
139	1	55
140	1	19
141	1	20
142	1	20
143	1	22
144	1	41
145	1	19
146	1	54
147	1	18
148	1	20
149	1	19
150	1	20
151	1	42
152	1	17
153	1	53
154	1	17
155	1	17
156	1	20
157	1	18
158	1	68
159	1	17
160	1	17
161	1	23
162	1	67
163	1	16
164	1	17
165	1	22
166	1	36
167	1	16
168	1	54
169	1	16
170	1	16
171	1	16
172	1	16
173	1	17
174	1	69
175	1	16
176	1	16
177	1	132
178	1	53
179	1	15
180	1	15
181	1	52
182	1	15
183	1	15
184	1	15
185	1	15
186	1	16
187	1	63
188	1	15
189	1	15
190	1	15
191	1	16
192	1	53
193	1	15
194	1	15
195	1	15
196	1	52
197	1	15
198	1	14
199	1	15
200	1	15
201	1	15
202	1	17
203	1	64
204	1	15
205	1	15
206	1	16
207	1	16
208	1	16
209	1	69
210	1	15
211	1	15
212	1	16
213	1	16
214	1	67
215	1	15
216	1	14
217	1	15
218	1	15
219	1	68
220	1	15
221	1	14
222	1	15
223	1	15
224	1	68
225	1	15
226	1	14
227	1	15
228	1	15
229	1	66
230	1	15
231	1	14
232	1	15
233	1	15
234	1	67
235	1	15
236	1	14
237	1	15
238	1	15
239	1	15
240	1	64
241	1	14
242	1	15
243	1	16
244	1	15
245	1	15
246	1	15
247	1	65
248	1	15
249	1	15
250	1	16
251	1	15
252	1	15
253	1	15
254	1	66
255	1	15
256	1	15
257	1	68
258	1	52
259	1	14
260	1	14
261	1	15
262	1	15
263	1	15
264	1	63
265	1	14
266	1	14
267	1	15
268	1	15
269	1	15
270	1	15
271	1	64
272	1	14
273	1	14
274	1	15
275	1	15
276	1	15
277	1	15
278	1	65
279	1	14
280	1	14
281	1	15
282	1	15
283	1	15
284	1	15
285	1	65
286	1	14
287	1	14
288	1	16
289	1	15
290	1	14
291	1	15
292	1	65
293	1	14
294	1	14
295	1	15
296	1	15
297	1	14
298	1	15
299	1	65
300	1	14
301	1	14
302	1	15
303	1	15
304	1	14
305	1	14
306	1	65
307	1	14
308	1	14
309	1	15
310	1	14
311	1	14
312	1	15
313	1	62
314	1	14
315	1	14
316	1	15
317	1	14
318	1	14
319	1	14
320	1	15
321	1	61
322	1	13
323	1	14
324	1	16
325	1	14
326	1	14
327	1	14
328	1	14
329	1	63
330	1	13
331	1	14
332	1	14
333	1	14
334	1	14
335	1	14
336	1	60
337	1	13
338	1	14
339	1	14
340	1	14
341	1	14
342	1	14
343	1	15
344	1	53
345	1	14
346	1	14
347	1	47
348	1	15
349	1	45
350	1	14
351	1	47
352	1	14
353	1	50
354	1	13
355	1	14
356	1	14
357	1	13
358	1	13
359	1	13
360	1	14
361	1	15
362	1	47
363	1	13
364	1	13
365	1	14
366	1	14
367	1	13
368	1	13
369	1	13
370	1	14
371	1	46
372	1	13
373	1	12
374	1	13
375	1	13
376	1	13
377	1	14
378	1	45
379	1	13
380	1	12
381	1	14
382	1	14
383	1	13
384	1	13
385	1	13
386	1	15
387	1	45
388	1	13
389	1	12
390	1	14
391	1	13
392	1	12
393	1	13
394	1	13
395	1	14
396	1	45
397	1	13
398	1	12
399	1	13
400	1	13
401	1	12
402	1	13
403	1	13
404	1	15
405	1	44
406	1	13
407	1	12
408	1	13
409	1	13
410	1	12
411	1	13
412	1	12
413	1	13
414	1	16
415	1	44
416	1	13
417	1	12
418	1	13
419	1	12
420	1	13
421	1	12
422	1	13
423	1	12
424	1	14
425	1	44
426	1	12
427	1	12
428	1	12
429	1	13
430	1	12
431	1	13
432	1	12
433	1	13
434	1	16
435	1	41
436	1	12
437	1	12
438	1	13
439	1	12
440	1	13
441	1	12
442	1	12
443	1	12
444	1	13
445	1	13
446	1	44
447	1	12
448	1	12
449	1	13
450	1	12
451	1	14
452	1	11
453	1	12
454	1	12
455	1	13
456	1	15
457	1	42
458	1	12
459	1	12
460	1	13
461	1	12
462	1	13
463	1	12
464	1	12
465	1	12
466	1	12
467	1	13
468	1	42
469	1	12
470	1	11
471	1	12
472	1	13
473	1	11
474	1	12
475	1	12
476	1	12
477	1	13
478	1	16
479	1	34
480	1	12
481	1	13
482	1	42
483	1	12
484	1	44
485	1	12
486	1	12
487	1	12
488	1	12
489	1	12
490	1	12
491	1	12
492	1	14
493	1	41
494	1	12
495	1	12
496	1	16
497	1	8
498	1	12
499	1	13
500	1	11
501	1	12
502	1	11
503	1	12
504	1	12
505	1	15
506	1	40
507	1	12
508	1	14
509	1	41
510	1	12
511	1	44
512	1	12
513	1	12
514	1	12
515	1	12
516	1	12
517	1	11
518	1	12
519	1	11
520	1	12
521	1	13
522	1	41
523	1	12
524	1	11
525	1	13
526	1	14
527	1	8
528	1	12
529	1	6
530	1	13
531	1	6
532	1	12
533	1	7
534	1	13
535	1	39
536	1	12
537	1	14
538	1	39
539	1	12
540	1	44
541	1	13
542	1	12
543	1	12
544	1	12
545	1	11
546	1	12
547	1	11
548	1	11
549	1	11
550	1	11
551	1	13
552	1	41
553	1	12
554	1	11
555	1	12
556	1	16
557	1	8
558	1	11
559	1	12
560	1	11
561	1	12
562	1	7
563	1	12
564	1	7
565	1	44
566	1	12
567	1	14
568	1	38
569	1	12
570	1	43
571	1	13
572	1	6
573	1	12
574	1	13
575	1	11
576	1	11
577	1	11
578	1	11
579	1	11
580	1	11
581	1	11
582	1	13
583	1	40
584	1	12
585	1	39
586	1	11
587	1	12
588	1	45
589	1	13
590	1	6
591	1	12
592	1	6
593	1	13
594	1	6
595	1	11
596	1	11
597	1	11
598	1	11
599	1	11
600	1	12
601	1	6
602	1	13
603	1	40
604	1	12
605	1	40
606	1	12
607	1	44
608	1	13
609	1	10
610	1	11
611	1	11
612	1	9
613	1	12
614	1	6
615	1	12
616	1	6
617	1	12
618	1	6
619	1	43
620	1	13
621	1	6
622	1	40
623	1	13
624	1	42
625	1	13
626	1	13
627	1	41
628	1	11
629	1	44
630	1	13
631	1	6
632	1	12
633	1	13
634	1	11
635	1	11
636	1	10
637	1	12
638	1	6
639	1	11
640	1	5
641	1	12
642	1	6
643	1	13
644	1	36
645	1	12
646	1	6
647	1	41
648	1	13
649	1	45
650	1	13
651	1	6
652	1	12
653	1	6
654	1	12
655	1	12
656	1	11
657	1	11
658	1	9
659	1	11
660	1	5
661	1	12
662	1	5
663	1	13
664	1	5
665	1	40
666	1	12
667	1	6
668	1	40
669	1	13
670	1	44
671	1	14
672	1	7
673	1	43
674	1	6
675	1	46
676	1	12
677	1	6
678	1	11
679	1	5
680	1	12
681	1	7
682	1	11
683	1	5
684	1	11
685	1	5
686	1	11
687	1	5
688	1	11
689	1	11
690	1	12
691	1	38
692	1	12
693	1	6
694	1	39
695	1	13
696	1	43
697	1	14
698	1	12
699	1	40
700	1	11
701	1	5
702	1	49
703	1	6
704	1	41
705	1	13
706	1	6
707	1	13
708	1	46
709	1	12
710	1	6
711	1	42
712	1	13
713	1	6
714	1	44
715	1	14
716	1	40
717	1	11
718	1	5
719	1	47
720	1	13
721	1	6
722	1	13
723	1	36
724	1	5
725	1	42
726	1	12
727	1	11
728	1	11
729	1	10
730	1	6
731	1	11
732	1	5
733	1	5
734	1	11
735	1	4
736	1	5
737	1	12
738	1	5
739	1	5
740	1	42
741	1	6
742	1	39
743	1	13
744	1	11
745	1	43
746	1	6
747	1	11
748	1	5
749	1	6
750	1	42
751	1	5
752	1	43
753	1	12
754	1	6
755	1	11
756	1	12
757	1	11
758	1	5
759	1	11
760	1	10
761	1	5
762	1	11
763	1	4
764	1	10
765	1	5
766	1	10
767	1	6
768	1	11
769	1	5
770	1	39
771	1	11
772	1	5
773	1	38
774	1	12
775	1	6
776	1	47
777	1	5
778	1	42
779	1	13
780	1	11
781	1	5
782	1	49
783	1	14
784	1	33
785	1	12
786	1	6
787	1	11
788	1	5
789	1	49
790	1	6
791	1	38
792	1	11
793	1	5
794	1	11
795	1	42
796	1	11
797	1	4
798	1	12
799	1	12
800	1	11
801	1	5
802	1	11
803	1	5
804	1	6
805	1	4
806	1	11
807	1	4
808	1	4
809	1	4
810	1	11
811	1	4
812	1	4
813	1	11
814	1	4
815	1	4
816	1	5
817	1	42
818	1	5
819	1	41
820	1	13
821	1	5
822	1	43
823	1	6
824	1	38
825	1	11
826	1	9
827	1	4
828	1	10
829	1	5
830	1	5
831	1	13
832	1	5
833	1	4
834	1	4
835	1	47
836	1	5
837	1	18
838	1	42
839	1	14
840	1	37
841	1	10
842	1	5
843	1	10
844	1	36
845	1	5
846	1	19
847	1	42
848	1	12
849	1	6
850	1	37
851	1	10
852	1	5
853	1	41
854	1	13
855	1	5
856	1	40
857	1	13
858	1	5
859	1	47
860	1	16
861	1	37
862	1	13
863	1	5
864	1	39
865	1	11
866	1	4
867	1	10
868	1	4
869	1	9
870	1	4
871	1	5
872	1	13
873	1	5
874	1	4
875	1	3
876	1	5
877	1	8
878	1	3
879	1	4
880	1	11
881	1	4
882	1	5
883	1	4
884	1	11
885	1	5
886	1	39
887	1	7
888	1	3
889	1	40
890	1	18
891	1	42
892	1	5
893	1	16
894	1	16
895	1	12
896	1	37
897	1	5
898	1	39
899	1	12
900	1	12
901	1	10
902	1	4
903	1	10
904	1	35
905	1	5
906	1	5
907	1	38
908	1	16
909	1	32
910	1	13
911	1	5
912	1	41
913	1	11
914	1	4
915	1	16
916	1	41
917	1	5
918	1	11
919	1	38
920	1	11
921	1	5
922	1	41
923	1	13
924	1	5
925	1	41
926	1	49
927	1	11
928	1	5
929	1	11
930	1	10
931	1	4
932	1	10
933	1	6
934	1	3
935	1	12
936	1	5
937	1	4
938	1	3
939	1	10
940	1	4
941	1	3
942	1	11
943	1	3
944	1	5
945	1	7
946	1	3
947	1	11
948	1	10
949	1	36
950	1	5
951	1	40
952	1	11
953	1	5
954	1	11
955	1	10
956	1	44
957	1	5
958	1	12
959	1	33
960	1	6
961	1	4
962	1	41
963	1	13
964	1	5
965	1	8
966	1	40
967	1	5
968	1	41
969	1	11
970	1	4
971	1	5
972	1	8
973	1	3
974	1	4
975	1	3
976	1	12
977	1	5
978	1	2
979	1	3
980	1	4
981	1	3
982	1	10
983	1	6
984	0	14
985	1	12
986	0	11
987	0	9
988	1	10
989	0	10
990	1	10
991	0	10
992	0	8
993	1	9
994	0	10
995	0	8
996	1	9
997	0	10
998	1	10
999	0	10
1000	1	10
